1244 LODI_MEIGHN 15.6611 4.15579 349 45 128300.00
3931 UNION 12.8769 21.2916 535 64 74400.00
5666 STONE 25.9061 17.3176 575 188 22100.00
3863 HANING_HALL 18.3679 13.0715 732 109 117700.00
668 DAIRY 14.2562 11.5941 661 178 109900.00
8066 HOOPER 22.0871 13.9686 871 235 105700.00
60 ERVIN 7.68441 18.693 853 68 88400.00
8998 BRYAN 25.4428 18.1432 98 238 85500.00
6113 STATE_ROUTE_682 7.88542 22.5493 323 406 38900.00
7375 LUHRIG 19.783 18.1734 270 121 64200.00
356 BEECHWOOD 2.4453 12.2395 291 66 80800.00
5283 CANAANVILLE_HILLS 25.3408 16.1207 220 92 138800.00
3315 ROBERTS 9.32345 10.5423 537 26 109400.00
4267 WONDERHILL 15.0275 22.2062 438 83 76800.00
1890 PERRY 16.9908 6.14702 498 235 120900.00
9892 MAY 28.6549 17.4435 891 352 92700.00
8315 WHITES 8.66927 24.7242 829 147 62900.00
2719 MULLIGAN 8.62476 6.36609 650 397 66900.00
3434 UTAH 9.33704 15.5443 372 326 39500.00
9850 LAUGHLIN_HILL 12.2275 14.7979 400 177 71100.00
4010 FOREST 13.8545 8.90726 111 336 31900.00
1183 TULANE 11.7157 16.0186 193 190 91200.00
2270 FISHER 9.01178 12.65 619 251 35000.00
4534 MCGRATH 12.6941 19.2191 771 88 72500.00
5856 SYCKS 22.7457 26.592 362 60 39700.00
3018 ANGEL_RIDGE 15.9163 23.8835 515 143 66900.00
254 FERN 9.14525 20.7877 516 11 72400.00
5253 COURT 17.82 23.2374 475 150 75100.00
7543 KURTZ 14.3189 27.2881 284 215 133700.00
2940 WINDSOR 13.1194 19.9825 158 165 18200.00
1080 BARTLETT 8.60036 2.64069 226 387 53400.00
7259 WILSON 9.47035 25.5035 674 261 107600.00
4735 BAKER 4.59135 16.9882 894 19 113100.00
6902 ROSE 20.8081 25.2835 424 175 120600.00
2519 MOUND 20.1406 20.2024 263 271 39900.00
1735 GLESTRIE 12.9674 19.8531 242 337 20300.00
9251 STAGE_COACH 21.0138 18.4856 590 144 116500.00
6196 BARROWS 13.1336 7.24328 209 95 39600.00
9119 POSTON 24.2181 24.2024 846 287 81500.00
6346 1ST 17.8862 21.3651 83 213 16000.00
5189 JEFFERS 17.1651 16.8093 600 328 48200.00
7015 UTAH 12.5052 20.767 710 281 20800.00
617 EDGEWOOD 7.38474 7.75808 667 60 96000.00
7583 HAMLEY_RUN 21.0202 26.6952 452 358 79900.00
1015 RIVER 5.78408 14.717 459 105 16500.00
2923 PEACH_RIDGE 21.8434 21.524 881 220 110400.00
2125 SUNSET 7.76797 9.88662 710 216 39900.00
3481 CHUBB_HALL 12.6231 10.4172 208 33 17300.00
224 HIGHLAND 19.78 19.4445 839 230 47000.00
1585 CORNELL 6.35531 19.7357 286 52 25300.00
4858 HAMILTON 11.7496 7.88424 507 24 45800.00
402 HICKORY 17.5208 14.8685 541 339 118400.00
8461 WALNUT 24.0954 9.39974 87 43 124600.00
2461 SELBY 13.1414 5.52481 118 219 64500.00
2612 TROY 19.142 16.9448 100 337 75200.00
2502 1ST 13.3241 16.1797 46 219 81400.00
5347 CURTIS 14.9214 9.66989 100 292 117700.00
2509 SCATTER_RIDGE 11.4784 20.264 699 260 144000.00
1298 NALLER 19.2652 11.3331 732 405 17000.00
9347 PRIMROSE8 21.3418 15.888 413 18 93800.00
1554 MANSFIELD 12.2452 3.09318 673 268 61600.00
8872 RARDIN 21.9922 13.8087 734 54 72000.00
9549 ELIZABETH 21.6145 21.9521 808 155 146400.00
673 HAINES_RIDGE 7.98114 9.52667 35 263 94500.00
8912 NEW_MARSHFIELD 26.4039 10.9217 314 21 144400.00
4273 STONYBROOK 5.30608 8.10697 513 232 109400.00
5868 CARBAUGH 19.0474 25.6735 379 97 29000.00
4957 DOGWOOD 7.34812 5.77311 911 26 24300.00
224 COLUMBIA 9.52595 11.9771 899 395 101100.00
3726 SHANNON 10.4144 13.8877 191 65 36500.00
4308 DOGWOOD 8.84243 5.22582 627 242 54800.00
4773 RUTH 22.0439 19.3204 151 335 82100.00
1972 ALTAMONTE 13.7615 12.2202 873 264 131100.00
469 CORNELL 6.00984 18.6111 909 204 103000.00
4780 PRIMROSE8 17.3295 13.1819 61 230 54100.00
4274 STATE_ROUTE_682 6.74462 21.3208 796 335 38100.00
5674 SALEM 17.6285 23.239 670 391 27000.00
6342 FOX_LAKE 9.97052 9.61482 471 190 18900.00
3219 RIDGE 10.4404 9.98854 289 190 76800.00
5862 BARROWS 12.2685 6.73697 608 381 71700.00
426 VALLEY_VIEW 18.5117 10.6598 596 392 90400.00
665 CORNELL 7.52863 20.0832 910 104 29100.00
9377 RARDIN 22.66 12.7804 821 203 55900.00
1882 BALL 10.2602 18.2875 804 350 97700.00
6746 BEECHWOOD 9.96534 18.1846 739 216 17500.00
8376 ADALINE 16.132 15.1088 132 108 103600.00
9184 FULLVIEW_HEIGHTS 28.6553 27.4653 563 243 64100.00
9954 STRATHMORE 28.1055 19.8768 761 390 73100.00
3911 LONG_RUN 6.93537 7.55544 247 13 69300.00
5957 CAMERON 19.6099 17.7594 153 383 134000.00
2202 CANTERBURY 14.3938 17.6435 170 274 78300.00
7440 ATLANTIC 13.6714 20.8582 665 226 138400.00
740 CANAANVILLE 8.26092 17.4958 261 179 69700.00
341 DEERFIELD 14.1488 10.3848 856 323 126000.00
9424 NURAD 16.3252 12.3694 593 225 140900.00
2905 PARK_LANE 5.13039 4.75242 782 121 115900.00
6989 KINCADE 23.2013 16.4057 810 234 115200.00
8739 MULLIGAN 16.3392 13.6815 486 33 25100.00
8112 TROY 22.6399 20.7485 46 296 90000.00
1297 PINECREST 17.6161 0.353227 731 146 53800.00
7722 CONGRESS 14.7567 8.32253 617 266 64900.00
9069 WHITES 8.27453 16.4153 479 185 81900.00
9971 JEFFERS 20.9224 21.3552 181 148 40300.00
2883 HOON 15.577 19.7261 342 292 135000.00
5384 DUTCH_CREEK 8.45696 14.4676 716 269 132500.00
2828 HANING_HALL 18.3148 13.6765 421 298 53900.00
6612 PEACH_RIDGE 23.2343 27.0305 392 56 114100.00
7686 GLESTRIE 17.674 23.6575 376 336 70000.00
2080 KENNY 18.9086 8.425 912 154 116900.00
2197 TROLL 5.7762 17.9542 872 224 17500.00
4141 DELLA 5.15157 5.60937 198 181 136200.00
8758 WOODSIDE 13.2371 19.0411 688 239 72000.00
1744 CHURCH 5.61113 13.2645 164 258 35600.00
1177 ALEXANDER 4.46313 16.1098 774 97 43600.00
8635 TROLL 12.4909 22.3356 559 152 26600.00
5521 PINE 21.4442 19.8796 230 219 35300.00
6347 MOUND 26.2096 25.1808 280 188 38700.00
4060 RING 13.0936 7.29579 559 134 110600.00
1006 ELLIOTSVILLE 12.9659 1.85463 606 295 33700.00
7153 SAND_ROCK 17.9244 9.15025 331 15 71300.00
6464 UNIVERSITY_HEIGHTS 18.7106 20.7991 20 208 51100.00
1677 SPRING 12.3072 3.40275 417 250 147800.00
2366 2ND 14.7765 14.9572 889 139 117800.00
4482 JULIAN 8.24881 15.8042 848 77 79300.00
9615 ESTATES 25.8551 22.3236 119 309 74300.00
890 BUCKLEY_RUN 14.8317 13.4525 338 324 60500.00
3501 FOSTER 16.1275 15.0915 777 251 33800.00
947 PARKWAY 19.5 19.826 710 292 81100.00
4167 CARDINAL 10.9739 6.28576 473 122 124500.00
1131 SHADOW_CREEK 14.1779 12.1953 67 36 84200.00
4600 UTAH 10.2132 18.9321 265 77 35500.00
4848 MUSH_RUN 5.23826 17.9517 361 46 65200.00
7033 WINGROVE 19.0681 22.5206 370 294 61600.00
1300 WRIGHT 4.95495 9.92136 627 239 104700.00
9795 GURA 21.9426 29.8016 324 12 131900.00
8135 CANTERBURY 20.7453 24.1546 153 267 113300.00
1876 PORTER 3.69739 10.1673 788 287 17100.00
86 SAND_ROCK 10.6099 3.92828 479 28 131100.00
3919 EDRIA 7.68254 17.5252 629 26 110300.00
936 PLEASANT_HILL 1.01236 9.67398 249 384 19000.00
2794 CRESTVIEW 6.09074 22.5183 559 140 57000.00
7137 COLUMBUS 20.9229 15.0493 576 90 117700.00
8742 SELBY 20.4223 10.9567 598 340 135700.00
8287 RIDGEVIEW 8.14214 7.31982 634 45 20400.00
2844 VERONA 3.0949 24.0653 328 267 41700.00
8018 LADD_RIDGE 17.2694 16.5379 542 264 94500.00
7229 BLACKWOOD 21.334 14.4492 512 200 31400.00
7191 STATE_ROUTE_550 27.6182 23.2931 566 369 124800.00
3121 COURT 16.754 21.1101 892 401 78100.00
844 RING 8.86698 4.02 351 114 102900.00
9197 HASTINGS 12.0297 10.8996 194 150 115000.00
7068 BURT 24.5057 15.0834 293 78 89400.00
6535 LEODA 15.75 24.5047 253 340 130600.00
572 JONESWOOD 19.8715 13.0405 247 316 135500.00
2455 GRIM 20.8972 20.0225 566 360 53000.00
6208 EMERSON 8.51674 25.5946 592 253 52300.00
2158 SHELLEY 2.88027 9.57972 831 313 130300.00
7501 GRIM 24.08 25.6121 278 177 30600.00
3912 MUSH_RUN 5.8837 15.9101 483 50 55700.00
2815 MCGUFFEY 20.6847 4.51296 796 128 23700.00
7034 DELLA 8.5669 9.86133 651 270 121200.00
6552 FOSTER 18.9479 18.9548 124 280 121400.00
7486 SHAFER 11.5771 14.8451 883 392 138800.00
2174 UTAH 9.44597 15.8001 265 393 84600.00
2900 MADISON 14.8824 8.99021 464 86 87100.00
9550 MCAFEE 14.6704 23.9365 49 380 137200.00
5115 ROCKY_POINT 26.4051 26.2588 699 404 30900.00
700 KOEHLER 13.8167 16.8494 623 109 105100.00
3744 ANNETTE 22.2911 21.5929 301 407 54100.00
828 LAKEHILL 7.38932 2.78659 23 312 26500.00
7452 MANSFIELD 17.2335 9.19764 20 308 141000.00
2377 MONTICELLO 15.0826 14.7904 539 152 43600.00
8745 2ND 19.1565 22.5893 465 357 112400.00
1248 MEADOWDALE 16.4735 1.08182 631 133 115100.00
7438 COWAN 14.5357 17.8122 845 181 17700.00
508 UNIVERSITY 14.9339 13.1764 618 400 105000.00
9922 ECHO 26.6533 28.0771 462 11 117700.00
360 STIMSON 1.85586 6.78885 386 355 95700.00
6559 FOX_LAKE 8.09923 11.4272 322 17 64600.00
5230 RING 12.1897 7.53577 789 74 52700.00
3467 RIVERVIEW 4.8557 17.5689 797 159 16700.00
1807 ORCHARD 12.9634 13.163 648 73 102700.00
5306 COUNTRY_CLUB 13.6575 22.2251 819 120 107700.00
7068 HANLIN 9.9001 24.549 166 61 93500.00
7957 SHADOW_CREEK 19.0561 18.4006 908 161 78700.00
6136 PHILLIPS 19.0647 13.8366 403 397 21600.00
8855 STONYBROOK 8.69282 11.1886 20 273 89600.00
1907 PARK_LANE 4.18751 3.00532 353 280 91100.00
4569 KEIRNS 8.86839 12.2685 613 88 50500.00
1675 HILLCREST 10.5266 5.70298 242 178 135100.00
3213 US_HIGHWAY_50 24.3738 21.1611 569 94 69400.00
9839 HEATHERSTONE 28.1813 22.4692 367 244 16400.00
2478 PINCHOT 18.5864 14.318 876 109 64000.00
1014 GREENBRIER 2.06559 7.41834 869 134 93200.00
1881 ROLLING_HILLS 5.49123 4.03319 597 402 78200.00
8931 RIDGE 18.0184 15.1919 304 329 97000.00
2293 ELIZABETH 15.8522 15.6012 838 147 79300.00
850 MCGRATH 9.4307 17.4188 383 230 93600.00
7687 SHAULIS 27.0438 26.2466 883 82 114100.00
7915 EDDY 16.4168 23.787 285 162 40800.00
1898 CLOVER 7.95552 17.0525 127 140 92200.00
3459 PEACH_RIDGE 21.3187 22.9961 37 360 118000.00
4778 SYCKS 21.6548 24.4313 424 142 53300.00
6689 SHANNON 15.8708 19.5224 436 192 28100.00
326 WALLACE 12.1378 12.5798 382 348 109900.00
1899 3RD 10.3522 14.6981 344 263 141800.00
9382 CARDINAL 18.0073 13.9483 227 206 68400.00
3106 MILLIRON 6.73619 7.57588 390 336 62000.00
7789 GARFIELD 25.0173 20.1746 664 203 73500.00
5506 WOODMERE 23.9893 21.6614 354 284 82800.00
6525 PLAYGROUND 21.8964 13.5622 439 252 40800.00
4306 MARSHFIELD 8.07868 5.61129 46 316 139400.00
2159 EDEN 8.59035 16.1833 754 300 143800.00
1778 EARICH 14.6617 4.74056 522 402 39400.00
2988 MINE 14.2604 3.30459 140 181 57400.00
1692 UNION 12.0637 17.6124 522 306 52000.00
7633 MAY 24.1886 17.5885 863 272 19000.00
9996 HANLIN 12.6384 28.0498 457 230 73000.00
4764 CHARLES 22.7582 11.7478 188 125 84300.00
4421 CURTIS 13.2064 9.29844 390 166 28800.00
4197 RUTH 23.348 19.4821 589 393 105300.00
8342 NURAD 17.1892 11.3326 16 96 109700.00
3295 BALL 12.2207 18.7313 552 119 109900.00
8832 MULLIGAN 16.079 12.4871 336 57 23200.00
7689 RIDGEVIEW 9.12677 7.28461 908 159 92900.00
5886 MANSFIELD 15.0287 7.90567 386 148 52900.00
9695 GRAHAM 20.568 15.7995 551 273 139900.00
6023 WASHINGTON 14.3593 23.4459 878 311 58600.00
6099 LAMAR 9.78557 16.6958 372 84 127000.00
9510 SHAW 14.9471 20.0716 630 23 53200.00
8605 LAUGHLIN_HILL 10.3529 12.8348 548 368 46900.00
5975 GREENBRIER 7.80289 14.123 850 401 147200.00
9234 JEFF 13.3662 26.1299 222 279 27100.00
57 SLAUGHTER 10.5862 7.59289 113 99 107500.00
1951 CARBAUGH 13.8443 20.4173 218 80 44900.00
2108 PINECREST 19.0736 1.65167 370 336 122300.00
2926 GREENE 2.11574 19.7689 636 393 39500.00
9897 CURRIER 21.1738 24.3623 885 202 101500.00
7519 MCGRATH 14.6127 21.9042 459 280 108300.00
6475 WOODMERE 23.4535 21.0718 757 212 107900.00
1555 CAMPBELL 7.56475 16.4297 481 66 133800.00
3353 EVANS 22.7808 15.6986 369 346 90300.00
2745 BAINEY 18.0553 12.8159 328 97 28800.00
9865 SELBY 21.972 11.1721 685 159 38300.00
3426 PLEASANT_HILL 3.83406 11.4559 463 403 89800.00
1790 GRAHAM 13.3748 9.56087 701 69 117200.00
6317 MONTICELLO 19.3805 18.888 742 229 34700.00
4331 CAROL 18.154 7.62236 614 117 131100.00
5539 PENNINGTON 24.9242 8.27371 88 329 121800.00
3601 PEACH_RIDGE 21.6291 23.4806 225 301 125900.00
9097 RIVER 15.0044 22.4528 650 406 145800.00
1836 HILLS 19.1099 18.7781 563 337 135800.00
3390 CONGRESS 10.4758 5.86046 455 325 102000.00
4185 MOORE 20.1814 17.9506 717 98 124600.00
9243 UNION 18.2016 27.1894 747 84 53100.00
8229 SMITH 12.0209 20.9568 334 374 46900.00
5701 POSSOM_HOLLOW 9.79299 11.5722 492 125 87400.00
2359 WILDWOOD 13.0618 1.63002 70 332 40600.00
8571 STEPHEN_CIRCLE 18.122 18.4596 165 318 76700.00
675 PLEASANTON 8.74885 14.7928 513 346 56400.00
1893 PLEASANTON 11.0545 17.8615 118 306 125800.00
6054 OLD_PEACH_RIDGE 19.0609 19.5751 914 326 75200.00
3844 COWAN 11.0515 13.6533 361 372 145600.00
9327 HOLDCROFT 19.4946 24.7571 583 131 149900.00
38 MARION_JOHNSON 12.7441 15.7453 35 303 131800.00
4206 KAY 11.4342 22.6634 87 17 51500.00
3522 COAL_RUN 21.1867 20.5209 758 82 73900.00
4879 SUE 10.4273 23.7008 901 127 103900.00
7537 PLEASANTVIEW 21.4719 11.0665 293 37 115200.00
7797 EARICH 18.3509 9.61823 249 373 111700.00
7988 FERN 15.9915 27.2462 489 60 130100.00
2640 KOEHLER 14.2298 20.5951 708 357 142000.00
2177 MORRIS 15.5565 10.3588 57 249 140000.00
9156 BANJO_HILL 17.0645 22.1753 69 230 65500.00
7646 ORCHARD 20.8941 17.9309 836 184 17600.00
8140 COULSON 19.3392 16.4682 155 349 135000.00
3728 ARDEN 15.1709 17.41 161 74 64800.00
9077 CARDINAL 16.4394 12.7401 172 378 115600.00
8708 FREMONT 12.535 17.8126 845 191 86100.00
9402 PLEASANTON 17.6589 23.1799 50 336 33000.00
4724 MARION_JOHNSON 15.7513 20.3471 375 131 26900.00
3756 EVANS 23.2345 13.975 95 60 64600.00
4812 COLLEGE 15.9525 20.8109 202 147 106800.00
8560 RIVER 15.1953 20.3655 701 159 138600.00
5640 COURT 18.4712 24.412 648 179 133900.00
399 SMITH 4.74546 15.1038 249 64 35700.00
9940 STARLIN 18.5853 23.5818 168 175 69700.00
3639 SHANNON 11.2408 14.4365 841 37 116700.00
2619 LONG_RUN 4.68286 5.88623 827 127 108600.00
6985 MCGUFFEY 23.9931 7.66258 663 117 21400.00
181 GUN_CLUB 14.1758 12.6981 242 193 138900.00
894 OLD_COACH 19.9677 0.936378 448 284 75000.00
2249 TAMMY 8.09978 15.2351 396 356 48500.00
9976 MERKLE 19.2521 21.5805 888 380 125800.00
9798 BANJO_HILL 17.3738 23.8153 391 199 51600.00
8502 GURA 20.2617 27.8792 763 256 95500.00
8892 SHADE 26.4303 10.1714 101 109 87800.00
3167 WALKER 20.1588 14.9563 571 187 103700.00
5307 BOLLEANA 18.55 23.3182 243 315 44000.00
4806 NOTTINGHAM 10.7661 6.22561 756 326 89900.00
5695 WOOTEN 24.9419 12.1223 423 296 51500.00
4356 ANDOVER 17.5584 20.9416 419 272 122900.00
9039 STATE 9.64427 27.7671 263 160 53100.00
790 MAPLE_GROVE 19.5532 10.0178 250 59 78000.00
5366 ARDEN 14.4659 17.2195 585 247 41200.00
3535 RIVERSIDE 16.2974 10.0469 561 406 89700.00
9379 NORTHPOINT 28.2809 16.2934 556 57 76800.00
6146 CONGRESS 13.7486 7.9883 372 44 49900.00
669 US_HIGHWAY_50 20.2348 21.0816 822 57 98900.00
2626 COLLEGE 12.3614 17.273 685 105 52400.00
1225 THELMA 8.58458 14.015 728 285 25100.00
4636 WOOTEN 24.4536 13.2775 552 361 50500.00
1307 ROLLING_HILLS 5.39643 4.0858 634 102 132200.00
2630 PINE_CREST 12.2729 15.1515 167 74 103500.00
583 SAND_ROCK 11.4822 3.16318 619 156 113500.00
9786 PEACH_RIDGE 28.797 29.7178 599 281 66200.00
6670 UNIVERSITY 19.1493 21.1617 871 188 27600.00
6072 CRESTVIEW 10.1711 25.1107 748 274 133600.00
3000 LODI_MEIGHN 17.6383 7.42136 424 239 109900.00
3379 JULIAN 5.1521 13.1395 158 316 67400.00
2078 STATE_ROUTE_550 20.9828 17.0495 69 268 92100.00
8905 MCGUFFEY 25.2552 12.2975 243 55 118900.00
1921 HILL 3.11234 11.4241 599 130 92100.00
5472 UNITED 10.8234 16.7969 412 322 131500.00
5342 CORNWELL 6.27826 11.5722 139 242 18900.00
6979 KERN 20.1 8.71297 426 95 41300.00
2201 OHIO 17.7355 15.1926 66 82 118900.00
6742 RAYMOND 15.8457 24.8004 859 208 57000.00
3454 STATE_ROUTE_690 3.5577 8.99597 408 408 89300.00
4018 LINCOLN 7.29557 16.976 252 103 134200.00
4386 MILLER 10.4984 11.1845 590 229 147700.00
2470 FISHER 9.04029 14.3684 800 172 94900.00
4536 BITTERSWEET 5.56918 11.6078 468 248 81700.00
79 FOX_RUN 0.425248 17.0007 45 67 29300.00
1026 CLARKE 11.9364 13.8786 187 157 116100.00
57 LAKEHILL 7.45073 2.43501 272 301 113800.00
995 RICHLAND 18.4655 9.61022 47 373 127700.00
6925 LEMASTER 13.586 20.8105 496 276 58800.00
130 GRANVILLE 13.2958 7.55018 160 268 36800.00
4451 SANDSTONE 13.737 4.80525 887 149 135500.00
6852 BROWN 10.2894 8.69957 196 328 114700.00
395 STATION 19.2508 5.78011 611 267 48700.00
9810 ORCHARD 21.189 18.972 236 22 107500.00
473 CLEARVIEW 11.17 7.65578 563 89 122800.00
1711 BROOKSIDE 15.1419 5.03006 171 347 60000.00
2213 HUDNELL 17.6672 10.2842 785 399 112000.00
1894 NEW_MARSHFIELD 21.4199 3.67107 890 248 36300.00
1490 MCDOUGAL 10.5958 15.0033 390 166 53800.00
1659 MULLIGAN 9.80741 6.2373 136 183 140800.00
358 HILL 2.78259 10.483 238 16 51200.00
9832 MARION_JOHNSON 20.9727 26.1631 354 12 50700.00
4621 CENTER 8.32025 23.5081 501 211 91500.00
9100 ELLIOTT 14.0121 15.9712 530 172 56600.00
8167 BERKLEY 11.4192 9.95901 736 186 75200.00
5225 SUSSEX 11.0222 19.8297 800 232 27900.00
3986 TEDROW 11.5913 15.4223 475 375 42700.00
7119 FREMONT 10.6511 18.095 410 245 28800.00
7279 LUHRIG 19.4326 15.9604 201 393 104600.00
4435 EUCLID 14.5332 10.4626 545 43 100200.00
8916 WOODYARD 13.0946 28.2588 286 346 109400.00
1682 RIVERSIDE 16.2591 10.8728 804 232 82200.00
1971 WINGROVE 15.518 17.669 396 15 147100.00
9105 WINDFALL 16.7897 25.1497 763 311 129700.00
9239 RIDGEVIEW 11.6503 8.03414 596 219 129300.00
1740 VAUGHN 3.8436 7.41757 443 112 148200.00
4446 KYLE 10.9131 20.9986 165 198 135200.00
7499 BAILS 25.108 8.27025 234 283 79700.00
8425 HANING_HALL 23.0715 19.2838 20 68 31600.00
922 RAYMOND 9.07632 20.5206 217 26 110100.00
5126 LODI_MEIGHN 18.1797 9.37349 40 54 137700.00
578 KITTY 2.81547 14.083 803 345 114800.00
4408 POSSOM_HOLLOW 9.5028 10.9656 852 15 102200.00
6027 KOEHLER 19.0581 24.147 902 368 63100.00
4863 BRYAN 21.8004 13.6482 17 182 46300.00
8060 WATT 16.3442 20.9091 45 305 86300.00
7295 NORTHWOOD 26.4592 26.9504 308 247 67900.00
972 COLUMBUS 13.6049 9.42116 604 57 31100.00
8166 RIDGE 15.164 14.718 164 212 81600.00
7183 DOVE 16.3817 17.0266 651 353 34500.00
430 LASHER_HALL 14.2258 8.87554 501 191 60600.00
4158 AVELINE 11.6718 17.5102 527 396 147600.00
3066 COULSON 14.3714 8.82547 771 83 89000.00
5041 CHURCH 9.82771 18.3723 695 125 76300.00
1707 PARKS_HALL 17.1874 16.8753 104 356 27800.00
695 LOWER_ALLISON 4.42986 9.0754 742 280 30600.00
9091 OLD_PEACH_RIDGE 22.0346 24.8468 708 342 97400.00
2791 LOUISE 15.9754 10.2333 320 253 81000.00
9564 SWARTZ 26.76 27.4734 673 65 124100.00
217 JOHNSON_HOLLOW 3.09475 7.48439 517 244 98200.00
73 ROCK_RIFFLE 4.86881 18.5135 905 193 100500.00
307 HIGH 16.987 2.6511 385 331 18700.00
2604 HUDNELL 19.1124 11.1495 412 166 47200.00
4605 MARY 15.6427 6.5329 589 198 145000.00
9284 RIVERSIDE 22.0928 18.0399 506 298 59200.00
6305 JONESWOOD 24.7951 19.6708 702 56 60400.00
7265 KRAMER 16.2885 9.19925 208 296 137900.00
589 HUDSON 17.2037 6.98106 901 69 73800.00
3144 BAKER 3.37161 16.5638 409 210 50200.00
1346 FAIRVIEW 4.78141 10.1198 471 66 48600.00
2137 ROXBURY 10.5972 9.02449 486 40 94500.00
8390 MOORE 22.7288 20.0413 354 223 64500.00
4840 PINECREST 20.9274 5.0284 827 150 35900.00
9896 THOMPSON 26.0713 10.9705 651 359 68600.00
8151 EUCLID 18.1295 12.8622 452 243 134500.00
6943 SUNDOWN_GARAGE 25.173 10.296 164 89 33300.00
6398 BLACKWOOD 21.735 14.122 628 244 77800.00
8905 PALMER 24.4664 17.9994 191 296 83100.00
1566 ROSEWOOD 15.2362 16.594 865 396 61900.00
8884 KRAMER 17.0226 11.2958 715 73 67200.00
7660 NEW_MARSHFIELD 26.5616 7.32177 570 15 26600.00
1693 STAGE_COACH 16.0053 11.0182 185 237 15900.00
9689 STIMSON 10.9735 15.0511 101 12 115200.00
8263 LADD_RIDGE 15.8737 14.5082 533 196 93600.00
5756 MAPLE_GROVE 24.0557 14.0079 327 305 98500.00
5339 CAMPBELL 11.7251 21.4753 847 204 113600.00
1690 WILLIAMS 11.2366 15.2072 386 309 23600.00
798 UTAH 7.39942 14.131 161 183 52100.00
4134 UNIVERSITY_ESTATES 6.82759 11.5688 201 372 146200.00
5811 KENT 13.778 24.595 184 216 49000.00
3347 STONE 23.1977 16.3325 641 201 24200.00
8412 WALKER 25.6717 20.0835 468 184 103500.00
5216 STEPHEN_CIRCLE 17.1667 15.4269 97 159 52100.00
186 SUE 7.27331 20.7919 774 58 33100.00
9782 WOODYARD 14.0606 28.6454 58 158 121200.00
1869 TUCKER_RUN 4.83919 13.3852 520 106 107900.00
6351 ONDIS 14.5771 24.3348 533 112 118000.00
1318 STATION 19.2358 5.89761 298 210 90400.00
5022 PHILLIPS 17.2459 13.7165 405 254 98100.00
2135 OXLEY 10.317 9.79933 596 305 16300.00
6375 STATE 8.44525 25.2124 503 254 125200.00
330 CENTRAL 8.40317 7.7795 164 394 29500.00
3513 HARDING 9.02606 8.27492 645 192 76500.00
1404 ROOSEVELT 19.5525 19.1434 642 395 27600.00
4275 NOTTINGHAM 11.873 3.94252 606 59 26400.00
8527 SHADE 26.433 9.13099 149 224 91600.00
1371 BUCKLEY_RUN 15.8916 14.2808 574 377 81300.00
6721 MALLOY 22.7924 8.41914 78 138 32000.00
2660 LASH 12.3017 8.95517 465 349 95300.00
8469 DEER_TRACK 24.6391 11.813 845 386 60300.00
5233 WALKER 20.9502 16.7334 394 320 49600.00
3859 STROUDS_RUN 22.5344 4.8579 903 354 101600.00
8768 ADALINE 15.5353 16.705 869 362 95600.00
3618 CARPENTER 14.5248 19.375 221 214 42500.00
4823 MARY 15.0371 8.29397 821 164 107000.00
3672 INDUSTRIAL_PARK 7.17715 16.8699 812 150 52400.00
4506 PLEASANT_HILL 6.29097 14.5937 874 52 132400.00
2315 KRAMER 11.3576 6.43258 306 127 114300.00
478 MAPLE 11.6223 14.4928 416 63 19500.00
2563 BYARD 14.1634 5.05917 396 290 70400.00
6655 KURTZ 14.0697 25.2583 233 250 70500.00
3972 MARION_JOHNSON 14.6645 17.4513 428 225 42900.00
2803 HOPE 8.08057 16.8095 351 167 25800.00
3255 HALLER 10.4325 13.3954 316 248 120500.00
2628 LANCASTER 6.37109 18.5092 23 123 134600.00
4866 FARHILLS 23.658 21.3694 828 224 105800.00
4055 WARWICK 23.1881 8.56536 159 40 117500.00
7877 MERKLE 16.7261 18.7689 107 106 117400.00
1695 LONG_RUN 4.58176 4.7024 103 105 127500.00
743 TROLL 5.83067 16.0748 788 251 57700.00
6226 STATE_ROUTE_56 8.64896 24.6842 818 51 118100.00
8575 RIVERVIEW 10.4769 22.4824 662 140 63400.00
7779 CONGRESS 15.1702 9.67046 197 18 78000.00
9867 WATT 17.2042 24.9062 675 379 29500.00
4818 AVANELLE 19.5018 23.1355 729 197 72600.00
2122 COAL_RUN 21.3513 18.6926 185 262 33400.00
8085 PLEASANT_VALLEY 21.9177 26.9314 601 334 111100.00
944 MCKNILEY 14.3606 18.8174 28 331 52800.00
7768 HILLCREST 16.1083 12.6557 642 408 119000.00
255 FERN 8.71315 20.238 249 363 130900.00
4739 UNIVERSITY 17.3665 18.4706 102 167 116700.00
2215 JACOBS 10.2906 19.7547 804 22 17600.00
4641 LEODA 13.4356 22.4831 642 75 39000.00
7378 FISHER 13.9412 19.8643 325 76 15700.00
7694 HASTINGS 8.33454 11.8347 911 364 116800.00
732 MCKINLEY 1.26488 7.19209 703 338 133400.00
3254 MULLIGAN 10.7655 7.15543 497 401 129700.00
625 CENTRAL 7.88214 7.0197 66 363 88700.00
3283 HUDNELL 19.1023 11.4738 676 99 113500.00
5213 STATE_ROUTE_691 18.2056 5.13565 667 208 141000.00
6687 MAY 23.3272 14.4185 484 73 31600.00
7758 ROOSEVELT 25.1877 26.9897 746 96 118300.00
1518 KEIRNS 3.67719 10.4371 801 338 49600.00
8223 HOON 21.1689 27.7146 303 255 131200.00
6179 CHURCH 8.97932 19.1472 276 194 137100.00
7440 ATLANTIC 12.742 23.1366 811 317 81500.00
2888 STONE_CASTLE 14.5283 22.126 858 157 86300.00
21 GURA_CIRCLE 10.727 2.73802 126 325 138600.00
1737 LUHRIG 14.5227 12.5389 904 397 81800.00
8418 FRUM 16.6004 10.3001 484 369 121200.00
890 GURA 15.1672 20.6209 882 318 111700.00
7986 DOVE 18.3465 18.4899 619 108 89200.00
921 ANGELL 5.88748 3.05263 884 160 105400.00
1566 CARPENTER 12.4612 15.665 66 125 23900.00
9968 EDDY 19.091 23.6095 565 294 146900.00
3029 LAMAR 4.22764 12.7474 28 157 130000.00
1026 RIVER 6.1867 14.0596 551 159 57000.00
1921 MEADOW 17.7582 6.28709 608 361 137700.00
7972 OXLEY 16.1439 14.907 645 309 106500.00
115 GROSVENOR 11.9147 13.7121 394 143 48300.00
7370 SAND_ROCK 17.1408 10.6032 910 314 63400.00
810 KAY 7.73734 21.6504 79 149 61400.00
1020 COLUMBIA 10.1681 12.5538 544 171 140800.00
482 FISHER 7.66617 12.9396 63 77 53100.00
533 WOOTEN 19.6472 9.01899 237 372 76900.00
8452 MORRIS 19.7141 16.4331 123 368 105400.00
4921 LONGVIEW 9.00603 21.3854 582 253 113500.00
3760 INDUSTRIAL_PARK 6.64761 17.5765 586 106 81200.00
7641 WALLBROWN 19.3487 11.101 330 216 76700.00
4962 SHADE 20.0314 6.91396 598 170 62200.00
8889 BALL 18.5334 26.4653 757 359 116900.00
5382 SYCKS 21.4382 26.6436 555 213 23500.00
3338 BENT_BROOK 5.69167 7.34797 294 156 29100.00
3996 GRAHAM_CHAPEL 18.2293 18.2755 331 10 29100.00
7262 STURBOIS 6.52288 12.254 673 20 114200.00
783 SUNDOWN_GARAGE 20.1757 5.02571 774 396 94200.00
9739 DUDLEY 22.452 22.9746 487 99 104700.00
348 NALLER 19.2487 11.6138 215 142 118400.00
1094 HANN 10.9782 18.2377 302 238 55600.00
6200 UNIVERSITY_ESTATES 8.61462 12.4874 881 113 58000.00
3539 DAIRY 16.7288 14.0571 832 341 74300.00
1271 CLEARVIEW 10.4976 7.91909 106 212 15100.00
7640 JOHNSON_HOLLOW 10.6349 16.0857 448 341 93500.00
6635 MADISON 16.5882 12.0179 157 349 60400.00
9929 BAKER 10.6794 23.6348 538 237 37200.00
2219 HAINES_RIDGE 9.09778 12.5764 480 316 115000.00
74 CHURCH 3.6693 12.1937 780 18 133200.00
2216 MOHLER 8.21862 11.7499 680 296 44400.00
423 STATE_ROUTE_682 2.38399 17.3585 74 246 91700.00
6335 OAKWOOD 20.4774 12.3629 693 75 99000.00
1002 FERN 8.29382 22.2028 812 250 24500.00
4734 NORTHPOINT 22.1537 10.0369 900 38 58200.00
8216 RIVERVIEW 11.9662 22.7903 203 277 21100.00
9424 LAMAR 11.6586 18.8035 450 143 86000.00
3316 FRUM 13.5395 4.30378 155 210 134400.00
9577 HAMLEY_RUN 24.3231 29.9051 883 320 105800.00
6361 BUCKLEY_RUN 19.6601 18.7732 496 292 64700.00
4710 HOOVER 18.6281 4.52384 731 342 136400.00
1835 DEPOT 5.31085 3.02105 384 117 95700.00
4693 OAK 6.95878 9.82093 375 359 114500.00
1433 HOLDCROFT 11.9779 15.9399 424 356 33300.00
7526 WOODMERE 24.2202 22.9105 216 12 93600.00
3244 SHAULIS 21.6319 21.4857 564 150 112200.00
9052 MORRIS 20.6587 18.0573 122 135 132000.00
7840 WHITLIND 17.2148 19.6988 69 96 93200.00
6418 JEFFERS 18.2453 16.6853 627 263 63500.00
2248 EDGEWOOD 7.47074 8.99384 865 134 85400.00
7902 FULLVIEW_HEIGHTS 25.5077 28.0726 385 142 111400.00
529 ECHO 15.7024 18.2175 861 306 38800.00
3589 ROXBURY 13.0202 9.02945 227 339 23100.00
8550 BAKER 8.4601 22.5839 246 149 134600.00
8837 CHUBB_HALL 18.2496 16.5541 532 235 146800.00
7342 EARICH 18.7384 11.9425 231 215 34000.00
8367 TULANE 18.4746 24.3367 850 141 146300.00
8241 SHAULIS 28.1786 28.4344 55 392 143600.00
7082 EARICH 19.6582 8.88418 412 119 37500.00
2090 MARY 11.7793 5.97371 217 114 119400.00
1107 COSS 4.42446 21.4516 716 402 127800.00
1433 EUCLID 11.4081 6.13201 34 159 15100.00
256 FAIRVIEW 3.3486 10.2034 151 20 26300.00
2322 WOODSIDE 6.14241 11.2885 847 385 81100.00
5655 BAILS 23.0233 7.05918 110 213 127400.00
6825 RARDIN 21.5849 9.86477 687 372 133400.00
7528 GILHAM 18.343 25.567 782 198 44300.00
1899 LAKE 11.895 17.9687 511 97 106300.00
5511 POMEROY 18.2027 15.8963 813 34 127200.00
2419 VALLEY_VIEW 19.3463 12.549 592 67 142800.00
4058 TERRELL 17.11 20.0337 220 309 78300.00
1662 GRAHAM_CHAPEL 16.3822 18.1098 351 242 16200.00
4078 PARKS_HALL 18.7835 21.2496 804 260 18900.00
2412 JULIAN 4.48091 14.5308 855 332 35500.00
2328 MCAFEE 9.66087 18.8839 486 111 75800.00
4398 MCKINLEY 4.60908 10.5841 850 75 92800.00
5846 ELLIS 23.4123 13.7155 536 392 37200.00
5558 HILLCREST 13.0391 10.3977 139 362 86000.00
2876 NALLER 20.6041 12.6308 719 31 64000.00
7550 COAL_RUN 25.1143 26.9119 717 205 49600.00
6009 SHELLEY 6.17123 15.8888 599 367 147700.00
7423 BURT 25.398 16.8474 633 209 77500.00
8785 SHAULIS 26.9589 28.4874 659 367 37900.00
4687 ELLIS 22.8143 12.5724 137 54 119400.00
5461 CARPENTER 16.3315 19.5913 15 229 118600.00
8307 BEAN_HOLLOW 24.1811 16.1898 312 10 15200.00
1015 RIVERSIDE 15.318 8.09093 52 365 74600.00
2655 PENNINGTON 20.1704 5.95983 278 396 49400.00
6401 MCKINLEY 5.88953 12.1166 646 212 98300.00
1581 COLUMBUS 14.0091 9.13063 264 206 61600.00
8216 STATE_ROUTE_682 10.4893 24.4924 140 272 142300.00
2565 ECHO 18.1637 19.3719 692 406 50500.00
9942 MCDOUGAL 17.4625 23.5443 326 38 102500.00
6356 BLACKBURN 24.8052 9.50595 483 228 119500.00
2082 US_HIGHWAY_33 16.9251 11.0855 189 409 60100.00
2118 STROUDS_RUN 20.0402 1.62757 69 41 78800.00
6018 WALLBROWN 18.2639 9.31461 350 94 37400.00
461 TEDROW 9.12058 13.1281 98 347 25500.00
2492 FOREST 11.1625 7.53181 87 185 61200.00
8023 HILLS 24.6717 23.0046 393 23 24300.00
3480 FREMONT 5.63749 13.0763 257 405 98600.00
5323 KENNY 23.0611 11.9732 133 166 118200.00
7216 DUDLEY 20.3816 21.8746 526 165 119000.00
1457 WINDFALL 9.32269 18.4219 316 232 94400.00
7556 MINE 19.1503 6.69793 250 37 53100.00
3219 HOME 12.7475 8.34155 448 363 63200.00
5644 BEAL 16.3937 6.82736 19 123 22600.00
4321 MEADOW 20.5477 10.0435 912 214 74600.00
4137 GILHAM 12.5322 22.185 111 119 69800.00
6787 MCAFEE 14.2371 22.0708 316 26 128600.00
5611 RING 14.5842 7.60081 195 211 30700.00
4219 KENT 13.1762 21.9054 395 90 20400.00
4055 DORR 20.721 18.2498 297 187 119600.00
4642 ADALINE 10.485 11.9603 541 126 31900.00
3902 SUNNYSIDE 8.85148 4.31235 538 53 17000.00
3597 RIVERSIDE 18.6616 10.8671 828 233 80100.00
946 JONESWOOD 19.4205 12.769 755 363 80900.00
6848 KURTZ 11.5573 24.6379 874 213 143000.00
5151 BROWN 10.2688 4.86963 141 302 51500.00
7237 ALTAMONTE 18.0556 15.68 665 219 26800.00
7908 FRANKLIN 17.0783 21.8977 152 96 139400.00
4675 HOSPITAL 22.6738 15.892 283 112 38800.00
7418 PLEASANT_HILL 7.6305 16.5947 547 337 110400.00
7300 KOEHLER 18.6955 24.5538 903 305 40500.00
2673 LEODA 9.91209 20.0216 299 17 94600.00
3362 HERROLD 13.3726 7.55083 907 105 29600.00
7509 FOX_RUN 7.27744 23.9229 141 142 142400.00
5147 FORT 10.3077 21.1662 125 69 91200.00
2174 WOODYARD 4.35225 20.3458 761 127 132000.00
7825 RAYMOND 16.8839 25.2421 549 167 52700.00
2111 TAMMY 8.84181 14.0515 44 69 47000.00
2520 2ND 14.7378 14.2926 178 47 52900.00
1658 ADALINE 9.68867 7.90868 40 145 15300.00
6316 ELIZABETH 20.6155 19.3495 555 67 79300.00
4456 THELMA 12.0367 17.3755 216 232 70000.00
2389 PUTNAM 17.0971 9.86585 161 92 46900.00
9218 SIMMS 17.2213 27.0085 801 270 106900.00
8955 SLAUGHTER 18.9583 14.0383 723 297 25900.00
426 SAND_ROCK 11.5528 4.86064 481 195 104900.00
2538 MARSHFIELD 6.68789 3.24186 782 189 63500.00
6072 WILLIAMS 14.499 18.8115 32 399 64800.00
5781 HUDNELL 21.244 12.9914 357 206 101500.00
899 SCATTER_RIDGE 9.80162 17.4081 462 316 72300.00
9536 BLACKBURN 27.4041 13.5434 314 160 31200.00
7685 PRIMROSE8 19.1992 13.4809 331 306 133400.00
5576 ESTATES 22.4336 17.798 497 324 73100.00
3300 BANBURY 14.0105 6.33205 303 57 88400.00
9424 KRAMER 17.2447 11.4032 341 240 31000.00
1715 FERN 10.913 21.4925 28 30 18900.00
5174 MINE 14.4762 6.98532 774 158 23800.00
6858 PRATT 22.5014 7.61801 531 101 128100.00
2162 DEPOT 4.96345 4.34848 867 254 119600.00
1270 WALLS 2.26593 20.2069 907 185 142300.00
4363 GRANVILLE 17.175 10.5768 425 52 56600.00
8878 BLUE 9.34003 20.367 415 354 27600.00
7481 CAMERON 21.9072 21.0075 455 157 24800.00
2699 PRATT 19.486 4.41384 562 330 90000.00
5486 CANAANVILLE_HILLS 25.323 15.5825 146 310 20700.00
9545 GRIM 26.3145 27.6968 884 253 98800.00
6684 WILDWOOD 16.7352 7.60512 482 190 40700.00
8089 FERN 16.8929 27.7605 512 367 48300.00
3575 DEER_TRACK 19.5882 8.77997 352 17 87300.00
2910 HUDNELL 18.3857 12.0581 361 163 93700.00
9331 WINGROVE 21.3095 23.0229 325 177 97600.00
7829 MEADOW 23.8429 13.1224 200 173 18800.00
3116 WALLBROWN 16.2796 6.11185 257 275 98600.00
514 RHORIC 12.3223 8.83085 707 214 80400.00
3817 CARROLL 14.806 24.89 870 326 138600.00
3436 WILSON 5.03457 22.5952 246 377 131600.00
1369 ARDEN 12.8697 13.0729 48 174 137500.00
3723 ORCHARD 16.9435 14.6321 265 239 86500.00
8398 WILSON 11.7848 25.9744 438 199 79000.00
9241 DUDLEY 21.9016 23.1166 863 43 58500.00
4218 KAY 9.5976 22.7722 480 78 43500.00
7257 CANAAN 17.159 26.5882 459 210 106300.00
4049 BLUE 4.82654 31.9053 367 182 60700.00
4331 HEBBARDSVILLE 17.2153 12.0291 64 157 21400.00
1717 EDDY 10.9259 15.5128 121 27 54200.00
4436 LORENE 20.0001 18.1578 521 147 28400.00
660 SHADY 8.45045 8.69472 756 358 16500.00
1666 LASH 11.7463 9.15414 652 85 45100.00
494 NORTHPOINT 18.4092 6.64588 506 46 112900.00
1087 CORNELL 5.87377 19.7346 517 284 122600.00
1213 KIMES 11.0247 9.59408 144 363 29300.00
9621 STONYBROOK 9.7398 11.6477 711 88 63100.00
5616 CURRAN 25.4965 21.7107 548 68 82800.00
9737 WARREN 23.1826 25.2682 76 139 47600.00
3391 CAMPBELL 10.6194 20.8264 391 80 69900.00
111 MCKNILEY 14.7006 18.8701 147 202 40700.00
9195 MADISON 21.332 14.3778 332 35 66400.00
2221 BEAL 13.8058 2.65498 158 204 25100.00
3632 FIVE_POINTS 4.94477 17.9484 760 124 97000.00
4658 FISHER 11.5315 16.8195 225 358 108600.00
1579 HARRIS 17.2278 14.6965 762 400 61600.00
4364 LINCOLN 7.16612 17.1296 861 155 78900.00
5954 HERROLD 16.4018 12.0313 731 100 133000.00
6466 KITTY 7.14904 20.9091 39 113 45300.00
2416 ELMWOOD 14.1332 9.02432 401 156 45200.00
3321 RIDGE 10.493 10.8895 607 375 42000.00
3953 WARWICK 21.892 10.2091 346 96 72100.00
428 FRANKLIN 9.28303 12.9922 323 126 112500.00
3109 SCATTER_RIDGE 11.1064 21.4693 103 226 95500.00
1082 LLOYD 12.0733 10.6182 742 407 130400.00
7576 LOWER_ALLISON 10.0799 16.2258 517 189 111800.00
3462 AVANELLE 17.7581 23.709 472 161 41800.00
1670 WALLS 0.881514 20.3927 230 50 35000.00
856 PARK 1.63746 4.64404 695 285 75300.00
1015 OAK 2.88633 4.84421 65 357 101700.00
4496 ORCHARD 15.3485 14.7197 848 355 128900.00
5458 PLEASANTON 12.9066 19.057 505 187 121900.00
4345 WATERTOWER 12.8911 14.1811 438 268 49100.00
6577 BUCKLEY_RUN 21.0165 18.3588 686 113 138200.00
5844 ADALINE 12.1104 14.6767 585 185 115900.00
1759 US_HIGHWAY_33 15.8189 9.86349 628 187 134700.00
3207 ELLIOTT 8.64232 9.68298 392 25 86500.00
5344 GRANVILLE 17.6801 11.3727 77 42 146500.00
4719 ECHO 19.0373 22.1711 48 164 100600.00
3222 WOLFE 20.4345 4.57315 185 246 47700.00
8401 ROCK_RIFFLE 11.4285 24.6602 144 84 60500.00
6096 BEAL 18.0449 7.60639 620 211 78500.00
1682 BEAN_HOLLOW 18.2354 10.4347 258 296 86600.00
5478 WONDERHILL 14.9913 24.3753 425 313 47200.00
1072 SYCKS 17.4208 21.2505 667 85 90900.00
2831 MAPLE_GROVE 20.2176 9.7576 364 151 39300.00
307 AVON 9.82744 18.125 182 93 79700.00
2757 RANSOM 19.037 14.8 213 139 127800.00
2756 WOODYARD 6.34677 21.3004 545 309 34000.00
668 SUNNYSIDE 5.71178 1.22564 359 17 56200.00
8727 MAPLE_GROVE 27.2361 17.334 667 54 120300.00
2659 UNITED 7.42801 15.359 406 360 63000.00
2920 GRAHAM_CHAPEL 16.9142 16.451 255 339 104800.00
948 FRANKLIN 8.86994 13.4168 778 160 116100.00
3482 SUNDOWN_GARAGE 20.8387 7.03603 834 68 130500.00
6648 GILHAM 17.0487 25.284 276 238 87000.00
998 CENTER 2.69951 20.7023 497 131 99400.00
6530 MONTICELLO 18.3667 17.6504 565 183 135900.00
5238 BEECHWOOD 8.44653 17.2596 167 297 143900.00
9454 BEAN_HOLLOW 25.2817 18.0889 848 275 124500.00
2744 BEAN_HOLLOW 19.7222 12.0477 670 357 69600.00
3630 RIVER 9.80665 16.3344 873 149 63000.00
7297 MINE 18.8347 6.71323 788 173 135700.00
9016 HARRIS 24.0443 24.3951 284 205 41100.00
5786 PRIMROSE8 16.6762 13.5832 279 170 136100.00
1691 RHORIC 13.4418 9.90073 879 314 100700.00
4293 VALLEY_VIEW 20.9694 14.1898 690 385 129600.00
6900 SPRING 19.4792 7.11618 854 159 88300.00
5158 HARRIS 21.8317 19.384 176 294 145500.00
2677 COMMUNITY 13.6403 17.0283 393 117 66000.00
1387 MILLER 7.54613 6.23987 162 390 131800.00
104 FARHILLS 20.0333 17.0315 912 36 137700.00
7311 WASHINGTON 15.6964 23.3685 773 357 85700.00
4674 LEMASTER 11.3849 19.6798 117 397 47000.00
8105 PINE 23.5438 23.5904 507 204 137600.00
8754 LADD_RIDGE 16.5597 16.6655 508 142 118400.00
2660 OHIO 18.1083 16.5673 710 238 98300.00
5520 ROBINSON 19.8135 20.3555 281 150 77800.00
989 PINCHOT 15.8896 13.6971 482 315 32900.00
619 WINGROVE 13.1144 15.1828 612 284 32000.00
90 WILLIAMS 8.57126 12.6434 329 201 46100.00
5307 ROBINSON 20.3272 18.8005 106 176 79000.00
7998 LONGMEADOW 17.0162 17.6649 168 355 101100.00
5721 ROXBURY 13.1346 12.4026 284 334 80100.00
4228 PUTNAM 18.7969 11.7786 824 290 63200.00
2893 SIMMS 10.8625 18.7692 169 110 38100.00
8960 WATERTOWER 15.7962 19.4998 294 403 30600.00
2589 BROOKSIDE 18.1893 5.38701 199 216 28000.00
7088 NEW_MARSHFIELD 25.6837 7.53385 562 314 59200.00
9728 TERRACE 24.187 26.6042 257 220 72200.00
7761 CORNELL 12.4267 26.7028 360 364 80100.00
3409 TUCKER_RUN 5.75066 14.1228 728 40 144700.00
3308 PUTNAM 20.2254 10.8646 183 338 142900.00
3948 SUSSEX 8.65669 17.2208 70 350 39400.00
3840 HANN 13.2377 20.89 914 194 148300.00
2738 STAGE_COACH 14.685 12.1565 508 407 66600.00
5553 FACTORY 24.8136 25.9924 384 150 36000.00
2384 DUTCH_CREEK 7.72296 12.0871 781 248 70800.00
973 EDGEWOOD 6.24647 9.76685 568 246 74100.00
7282 JEFF 13.083 24.8951 61 17 51600.00
4840 ROBINSON 21.4181 19.5393 556 153 57200.00
5730 VIRGINIA 16.0089 18.7761 441 242 71800.00
7523 GRAND 6.2399 25.5885 482 261 116800.00
1774 NEW_MARSHFIELD 19.968 3.21277 416 38 59600.00
176 CASH 11.9789 14.8719 435 133 124600.00
1758 LASH 12.2933 9.52117 527 168 78300.00
5072 POSTON 20.2169 19.8604 143 191 21400.00
735 LONGMEADOW 9.67576 9.61801 195 332 47700.00
9509 WATERTOWER 17.1197 21.1935 319 240 21600.00
7337 ROCK_RIFFLE 12.8461 23.9977 16 162 118300.00
1274 WOOTEN 19.029 7.46048 349 121 24400.00
6806 HOOVER 22.0848 7.86573 674 107 46700.00
2408 SLAUGHTER 12.1573 8.17679 876 15 49100.00
6946 PARK 9.58476 10.834 303 104 65300.00
1584 NURAD 8.47554 3.60639 760 241 44700.00
3537 WILLIAMS 13.1373 14.3228 638 166 115400.00
9816 HOCKING 21.2955 18.179 514 300 80300.00
9507 VERONA 11.7653 29.2294 275 100 37200.00
756 STRATHMORE 18.6817 8.88115 679 356 146000.00
8580 HEATHERSTONE 27.7708 20.3539 76 58 128000.00
3150 UNIVERSITY_HEIGHTS 16.357 18.7341 81 374 57300.00
5195 GRAND 5.06174 23.5345 874 53 70500.00
3682 COOPER 16.0063 23.4708 36 273 35700.00
5574 ROCK_RIFFLE 10.3978 24.0125 863 137 19000.00
8898 BEAN_HOLLOW 26.1673 17.958 563 395 17900.00
1189 MARION_JOHNSON 11.5112 16.2373 652 151 139900.00
6615 SANDSTONE 16.7423 8.45236 444 122 37600.00
4016 DOGWOOD 8.53597 6.94695 628 307 47100.00
6164 SWARTZ 23.2555 21.183 104 280 78800.00
4736 MELNOR 9.95944 17.126 711 85 125100.00
6527 COAL_RUN 26.1614 23.8021 25 159 100200.00
1556 MCAFEE 7.32263 15.7634 581 282 70500.00
9491 PARKS_HALL 24.0197 24.6035 149 91 21800.00
4193 LASHER_HALL 17.0031 13.6874 252 169 32500.00
1326 ANGELA 11.7191 16.7173 459 90 148300.00
6335 GUN_CLUB 20.6142 16.907 191 210 46800.00
882 PINECREST 16.4723 0.320197 420 366 37900.00
3533 MCKNILEY 17.3384 23.0753 761 265 136000.00
4960 ALTAMONTE 17.6197 12.2311 217 89 35400.00
1020 SUE 7.49911 19.7189 385 330 135400.00
714 UNIVERSITY_HEIGHTS 14.1175 16.1292 688 356 142100.00
9401 MINE 18.5341 10.3725 328 227 68000.00
8803 HILL 11.4541 16.6805 96 222 58500.00
2781 DOVE 12.7191 11.8765 629 62 99800.00
7016 CASH 16.9094 21.1638 63 207 69400.00
4529 CANAANVILLE 11.847 20.7896 186 210 120500.00
3472 WARREN 17.7253 20.0568 904 39 60700.00
3163 STONE 21.5986 14.6132 334 217 143700.00
1592 CENTRAL 8.72352 7.35862 688 105 49300.00
4906 LONGVIEW_HEIGHTS 21.2855 10.6886 305 312 81300.00
1372 ENLOW 9.96408 12.6 186 63 107600.00
3180 CURRIER 14.227 18.0667 27 315 141100.00
1475 VAUGHN 1.99954 5.02829 481 366 25100.00
4509 EDGEWOOD 9.33521 10.6968 392 314 43200.00
9562 EVANS 28.0703 20.1094 350 208 113500.00
1425 STATE_ROUTE_690 0.931852 6.53702 669 366 68900.00
2431 SIMMS 9.21157 19.6516 738 26 129800.00
57 DALTON 13.7851 17.0875 572 41 45900.00
5644 US_HIGHWAY_50 26.7637 25.0673 417 14 27600.00
3923 MCKNILEY 17.4522 21.9565 543 40 26400.00
4173 FARHILLS 22.7232 18.517 340 40 48800.00
9467 ANGELL 14.9856 10.6624 582 103 53800.00
3834 PARKWAY 20.6714 22.9988 307 116 18400.00
9036 JEFF 13.328 27.074 510 352 134700.00
1233 LOUISE 15.1449 8.25613 899 357 141300.00
2151 PUTNAM 16.7577 10.3271 542 148 64100.00
1296 KURTZ 7.89472 21.0015 101 172 46100.00
4481 ALBANY 9.32863 13.459 908 130 123000.00
8437 HILL 10.8783 17.0787 822 119 97600.00
1428 LONG_RUN 4.95318 6.15646 67 379 81300.00
4063 CORNWELL 4.98013 10.6223 557 224 38600.00
6500 RIVER 11.1051 17.6128 277 385 24200.00
8554 EDGEWOOD 14.0341 15.8161 75 208 66600.00
6143 WRIGHT 8.59381 16.4548 290 112 69700.00
1521 SHADOW_CREEK 13.9104 10.3588 753 83 137200.00
908 CARROLL 11.3456 21.1978 743 399 68800.00
6946 STURBOIS 7.70473 12.8398 546 17 115400.00
6695 ROBINSON 21.8826 20.677 720 118 112300.00
9881 HARDING 15.6768 14.5084 497 142 28800.00
4487 ELLIOTT 8.13085 9.41011 95 349 71300.00
1884 HARMONY 22.4107 13.3678 475 400 146400.00
1459 WINGROVE 14.5577 15.6074 150 163 127600.00
6389 ELLIOTT 11.6427 13.4396 265 378 108300.00
302 COOK 5.32617 15.7939 908 291 127200.00
3933 CENTRAL 11.7959 9.1035 199 26 84600.00
7259 TROLL 13.158 21.0445 25 50 33500.00
4199 VERONA 4.07287 23.3314 498 82 88200.00
954 SIMMS 8.7415 16.7563 522 63 31300.00
7244 MARIETTA 11.4038 22.7489 796 118 103900.00
1338 HOCKING 13.9669 9.81842 594 268 140200.00
2335 DUDLEY 17.4426 17.2701 425 342 118600.00
7803 CRESTVIEW 10.7834 24.8632 563 398 133000.00
1856 CARROLL 13.673 20.0314 472 285 18900.00
4226 HARRIS 20.2365 18.3777 280 166 133600.00
6911 MAPLE 18.2522 19.3111 697 350 133800.00
6329 TOWNSEND 20.6387 15.9872 500 93 103700.00
2602 SUNDOWN_GARAGE 22.4338 7.76631 549 189 113500.00
6399 THOMPSON 23.2548 7.88747 912 57 125000.00
7318 UNIVERSITY 20.1205 20.4312 504 291 93700.00
7808 CARDIFF 27.4977 22.8476 47 364 40600.00
2033 BEECHWOOD 4.26006 12.7914 422 263 103900.00
3194 ONDIS 13.7777 22.7652 526 244 78000.00
8132 SUNNYSIDE 11.8249 7.56224 791 335 40700.00
3043 BATES 11.1621 20.9309 893 55 73400.00
4653 ESTATES 20.874 17.9927 601 285 114100.00
3019 MOHLER 9.85872 12.2829 229 386 120400.00
3213 VERONA 4.9113 22.7655 678 319 87400.00
7828 JULIAN 11.6961 19.0827 630 116 100200.00
9260 SHADE 26.986 11.2432 761 253 17900.00
3955 PORTER 2.93808 13.2355 340 60 100700.00
948 BEECHWOOD 2.43275 13.8334 174 381 16500.00
2518 RED 22.1276 3.92899 336 236 116200.00
7901 GLESTRIE 18.6797 25.7925 735 171 69300.00
2075 KEIRNS 5.79521 11.6773 551 60 111000.00
8915 KYLE 15.3413 27.9011 390 144 105100.00
8140 CLARKE 20.025 22.1579 422 250 22200.00
5345 WOODYARD 8.97541 25.2881 323 161 106700.00
6591 JOHNSON_HOLLOW 8.99614 14.2711 756 118 55800.00
3071 ADALINE 11.6195 12.0133 212 47 57300.00
5901 ANGELA 14.4207 21.0322 122 373 102700.00
8784 BARTLETT 15.5781 10.0021 756 150 44700.00
5759 BAILS 24.928 6.6577 37 247 34400.00
7308 GRAHAM_CHAPEL 21.4564 21.8609 820 296 50700.00
4681 CARDIFF 22.4916 21.4727 666 94 113900.00
1067 ROBINSON_RIDGE 18.7779 17.6838 691 353 142300.00
4069 LORENE 18.4329 18.114 393 283 23700.00
4779 THOMPSON 22.0219 7.20536 851 52 116600.00
3472 GILHAM 13.2679 22.2428 731 312 50800.00
2705 VALLEY_VIEW 21.6363 13.9524 908 220 114900.00
2590 BAINEY 18.9535 11.3937 214 273 28100.00
4038 LINCOLN 7.6633 16.0939 252 312 130200.00
2191 HANLIN 3.14017 19.8574 199 170 66300.00
2122 JOYCE 5.98303 5.07008 79 248 71900.00
139 HOME 10.154 5.85483 218 45 52500.00
9607 FAIRVIEW 10.623 19.6505 755 251 128600.00
2719 COWAN 11.0103 12.8662 447 134 70600.00
8283 DELLA 11.0404 9.72894 185 227 137700.00
8798 STAGE_COACH 21.6202 18.2423 585 177 133400.00
5195 OXLEY 14.7376 13.4969 746 363 77600.00
3860 DEER_TRACK 20.1428 8.66643 676 375 93700.00
6750 WILLIAMS 16.0203 17.8243 691 139 31600.00
4828 RIVER 10.5622 16.0328 151 219 92200.00
1804 FOX_RUN 2.23347 19.5104 779 349 57700.00
5093 SLAUGHTER 15.6711 11.698 267 285 34800.00
4504 FACTORY 23.5387 23.0756 787 64 129900.00
690 NEW_MARSHFIELD 18.9632 2.06697 271 348 91000.00
7902 WAYNE 17.5902 17.6596 56 150 39900.00
5791 LIN_HALL 16.9519 21.9734 447 41 67800.00
4570 LAKE 12.4581 19.5589 584 93 17600.00
6431 RIVER 11.2499 20.1448 298 94 22100.00
8345 BARROWS 15.1674 9.45344 333 318 146200.00
1441 MEADOW 18.5993 5.79894 333 407 140400.00
150 FACTORY 19.5413 20.8808 735 164 20000.00
1218 GURA 14.6373 21.1304 869 324 102800.00
5347 US_HIGHWAY_50 24.548 23.3921 507 351 52100.00
7852 CENTRAL 13.889 13.4345 749 94 120000.00
1071 WILDWOOD 13.6414 2.50218 774 283 100000.00
979 MCLEAN 10.4957 3.77837 372 110 127400.00
7601 COOLVILLE_RIDGE 10.9681 19.9599 61 255 94500.00
9478 WRIGHT 12.3408 18.9563 707 121 54100.00
3843 HILLCREST 12.0551 8.65588 444 378 15800.00
9086 HEMLOCK 14.046 19.0741 315 35 140800.00
4714 CHURCH_HILL 20.5904 19.0478 818 51 102400.00
9948 ALEXANDER 13.5714 26.3769 562 291 134300.00
423 LEODA 8.12597 18.7178 567 128 133800.00
1582 ROCK_RIFFLE 6.26975 20.4236 94 78 135600.00
3155 ROBERTS 7.82051 9.12305 494 142 36600.00
3804 CANAANVILLE_HILLS 24.0941 13.9401 81 389 115300.00
6366 WALLS 5.22438 26.4333 609 74 125700.00
504 SCATTER_RIDGE 9.66218 17.4487 191 244 134300.00
7398 SHAFER 11.369 14.3279 425 29 113600.00
6367 WALLBROWN 19.2471 10.764 614 352 33900.00
9009 CANAAN 18.3561 29.2306 233 403 86200.00
3076 HUDNELL 18.4478 11.8887 856 123 77200.00
414 SHADE 16.6789 3.2101 257 213 42800.00
7944 BERKLEY 11.1502 11.427 790 376 55400.00
3116 PLEASANTON 10.8108 18.7478 416 185 137000.00
7323 LONGMEADOW 17.8099 15.7355 518 363 30600.00
8145 BYARD 20.8725 9.00168 747 374 134400.00
485 CAMERON 13.9005 14.2078 769 71 50300.00
6188 EARICH 17.4318 8.47323 463 148 130900.00
4262 WOLFE 22.6613 5.23905 837 130 73400.00
1649 VORE 0.757386 7.77893 435 215 41800.00
4492 EMERSON 5.69136 23.7925 75 221 117600.00
6545 CABLE 14.2502 7.24133 248 326 73800.00
8320 STONYBROOK 7.7981 11.959 342 72 96000.00
1532 WALLACE 13.0917 13.0104 376 400 90500.00
1521 HEBBARDSVILLE 14.3473 10.1431 913 24 80000.00
3482 MUSH_RUN 3.57242 16.4622 41 227 82800.00
8810 WOODYARD 11.1301 26.8063 905 215 70600.00
543 COAL_RUN 19.2094 19.2672 895 22 125200.00
7881 GURA_CIRCLE 16.8249 11.4655 728 136 61800.00
3193 BRYAN 20.6576 10.7696 257 47 103800.00
5877 WARREN 20.1247 21.6602 535 281 95800.00
7364 HOCKING 19.4519 14.9269 629 10 28000.00
4907 ROCK_RIFFLE 8.96155 21.2662 778 128 91900.00
5463 CARBAUGH 17.6358 25.7091 603 105 47900.00
396 ANGELA 10.1605 16.8649 502 318 147100.00
129 SUSSEX 5.6009 15.3226 750 144 140900.00
9091 VERONA 10.5015 28.1086 93 60 17200.00
7933 SUNSET 11.5144 16.7337 882 218 103600.00
1241 LONGMEADOW 11.2463 10.4888 855 244 138300.00
55 COUNTRY_CLUB 10.6975 19.7621 435 224 125100.00
848 LAKE 10.7124 17.2605 217 181 39300.00
1358 SHADY 9.98412 10.3111 666 252 142500.00
7100 RIVERSIDE 20.0108 13.7899 592 118 90500.00
830 MEADOWDALE 17.7434 1.61581 358 237 61600.00
4091 PARK_LANE 4.44509 6.96384 866 229 54700.00
1128 OXLEY 9.2609 8.11622 606 332 72000.00
7477 HOSPITAL 26.252 19.8094 157 241 17700.00
1971 WASHINGTON 9.47174 18.5723 167 408 79800.00
3728 TUCKER_RUN 7.67701 13.5508 686 363 86400.00
8815 CANAANVILLE 14.4358 25.7992 252 367 140500.00
8347 FIVE_POINTS 8.96504 22.487 557 25 51900.00
1291 SMITH 6.53232 14.3879 836 291 60600.00
8182 GURA_CIRCLE 18.2234 9.7023 660 303 147300.00
828 1ST 11.0988 15.7805 504 262 17000.00
985 WILSON 3.26181 20.1829 198 398 85200.00
1246 LARSONS 22.232 14.1266 813 53 69900.00
2479 INDUSTRIAL_PARK 5.26416 15.869 68 227 93400.00
2865 BANJO_HILL 11.5127 16.814 423 112 42600.00
9425 SAND_ROCK 19.5691 11.61 849 381 15300.00
2684 HICKORY 19.2243 16.3472 690 354 61100.00
5646 SMITH 8.84243 20.1829 582 77 100800.00
7270 STATE_PARK 12.6538 8.82224 846 339 90500.00
5663 LARSONS 26.5945 16.2155 715 408 129000.00
4165 STARLIN 13.5791 17.153 468 408 118500.00
1795 RICHLAND 20.5711 9.54465 533 135 55000.00
3179 SHAW 11.0361 13.5218 90 121 57400.00
7466 CANAANVILLE 12.3129 23.1947 531 390 147900.00
256 NORTHWOOD 20.4132 20.1597 309 360 59900.00
354 RADFORD 5.20483 6.1738 312 323 57600.00
9665 WILDWOOD 20.4017 9.99449 851 251 36200.00
6828 STATE_ROUTE_682 9.46525 23.1924 76 297 64400.00
3697 ROCKY_POINT 23.0872 22.0712 784 362 75800.00
8159 HARRIS 23.113 22.5459 399 319 43000.00
379 SUE 8.46006 20.2985 280 336 106500.00
2229 SPRING 14.494 3.63742 734 258 89500.00
2704 JONESWOOD 23.0892 14.6012 876 286 133900.00
7217 STATE_ROUTE_56 9.14363 25.5309 47 269 37700.00
5265 HOLDCROFT 13.4237 18.1452 269 163 51400.00
2736 HEATHERSTONE 20.9851 16.2576 168 245 19300.00
7545 EDRIA 12.2083 22.5216 913 131 55400.00
7929 SHADOW_CREEK 19.4065 18.5014 104 304 46000.00
2336 ECHO 18.7018 20.5685 358 295 102800.00
4964 HALLER 13.1381 14.876 309 28 65500.00
2272 BAILS 20.3501 3.05662 55 265 80600.00
155 WHITES 1.33987 4.09856 227 85 40600.00
3503 HAMLEY_RUN 18.5029 23.3971 679 122 127400.00
1387 MUSH_RUN 1.7216 13.8626 322 236 119400.00
2942 COOPER 15.1265 22.6176 753 38 124200.00
111 MAPLE 11.1951 14.6462 235 39 37500.00
7822 PARKS_HALL 23.6322 23.5895 737 44 84800.00
2702 HIGH 19.0165 3.80809 91 105 57500.00
7019 MCKINLEY 6.54186 13.5297 589 282 114000.00
8714 WESTFIELD 12.6296 19.3802 688 241 67800.00
244 FARHILLS 19.2472 16.2894 436 189 92600.00
2770 GROVER 8.5937 13.8526 274 283 147200.00
9276 NORTHWOOD 30.3986 29.0348 42 146 116300.00
705 BLACKWOOD 14.8717 7.20646 653 354 52700.00
1856 GROSVENOR 11.4678 15.7145 106 361 56500.00
7232 ALBANY 12.8679 14.4759 96 366 96800.00
6577 PLEASANTON 13.0619 20.2256 330 126 29200.00
5563 KEIRNS 10.1407 15.2925 422 194 56200.00
7582 MULLIGAN 13.6591 11.0987 250 53 121700.00
7481 GROVER 15.8862 17.6212 498 187 91200.00
4703 PATTON 15.333 12.736 73 115 111000.00
3440 ELMWOOD 14.3966 12.0343 153 311 75300.00
3921 LAKEHILL 9.56375 6.49283 544 213 111600.00
8427 GRAHAM 19.1146 15.478 786 312 39200.00
5144 PRIMROSE8 17.9294 11.3452 870 95 62300.00
1066 LARSONS 20.4838 12.3127 482 359 100000.00
9907 RANDOM 23.1589 18.1864 580 260 32600.00
167 ELLIOTSVILLE 12.0726 2.47921 414 240 53400.00
3341 HOCKING 14.3006 11.8135 532 335 78500.00
8090 CLARKS_CHAPEL 10.8523 23.7014 37 363 31100.00
2351 POMEROY 16.5513 10.7451 734 290 56200.00
6715 ALTAMONTE 18.9479 15.0759 545 98 120000.00
9047 HARNER 26.8637 27.0521 52 193 142800.00
1485 LAKE 11.405 17.5332 578 103 30900.00
7187 COMMUNITY 17.6699 23.9636 209 219 57300.00
552 PLEASANTVIEW 14.1795 3.51383 388 251 126400.00
8149 LEODA 16.6234 24.4507 589 234 115300.00
9158 GIBSON 28.2548 15.2158 446 12 119900.00
2679 WOODMERE 21.2808 17.4122 611 269 27200.00
7612 CHURCH 10.0838 18.2811 492 163 129800.00
1545 NURAD 8.54576 3.16189 840 342 130800.00
7546 WALLS 6.5398 27.581 588 59 73300.00
9470 STATE 12.5606 27.3478 86 263 67700.00
5921 UNIVERSITY_HEIGHTS 18.0109 20.3079 420 264 34200.00
5478 CANAAN 16.4232 26.3748 508 82 80100.00
1546 PLAYGROUND 17.6867 6.97654 207 152 149500.00
2730 BARROWS 10.9377 2.59255 212 353 92900.00
7688 COOPER 20.7973 27.405 553 93 46300.00
509 3RD 9.91516 15.2924 505 315 30400.00
1673 SYCKS 17.8617 20.7752 903 162 144700.00
896 ELLIS 19.4619 9.4781 220 63 92100.00
3354 KRAMER 11.1248 6.06117 90 161 141500.00
5292 BERKLEY 8.77484 8.89636 853 372 90900.00
1042 BYARD 13.166 1.70578 515 356 54700.00
8326 OHIO 22.0297 20.9911 513 85 138200.00
5361 UNION 16.3295 23.8431 425 32 134000.00
9491 LOCUST 25.3707 29.1771 876 201 94200.00
4499 HANN 14.7348 20.8111 409 266 59900.00
8767 OLD_PEACH_RIDGE 21.8237 24.738 112 168 133000.00
1236 WOODMERE 18.0402 16.0389 911 281 115400.00
6441 MCKINLEY 6.11145 14.5004 727 37 114500.00
1802 HASTINGS 4.96783 5.30167 143 165 56800.00
1276 CANTERBURY 11.4119 16.1166 548 217 21200.00
4214 LORENE 17.455 17.71 622 276 20300.00
2761 CURRAN 21.8404 21.5274 91 132 144300.00
4999 COVENTRY 24.2838 18.2445 668 62 148100.00
6604 BENNITA 17.6268 10.8868 261 322 60500.00
2221 CARDIFF 20.1816 17.4754 219 338 60800.00
4238 PRIMROSE8 17.2485 11.8872 735 105 24600.00
9729 LARSONS 29.2756 22.218 305 395 105300.00
8565 SPRING 19.4207 10.0656 484 109 49700.00
8369 WOODSIDE 10.0182 18.6175 75 179 148000.00
5400 GLEN 15.2224 21.4559 795 335 72600.00
8805 HASTINGS 9.65987 11.2954 85 35 60800.00
6106 EDDY 14.6991 21.6894 585 184 108800.00
9324 HARNER 27.3038 28.3547 878 376 68700.00
1390 LODI_MEIGHN 15.4455 6.14022 351 352 115200.00
9588 HOLDCROFT 19.8979 23.7074 144 49 89900.00
1076 ELLIOTT 6.11992 7.03442 248 170 135000.00
7610 LINCOLN 12.1564 20.3148 323 172 56900.00
7377 GRAND 7.19128 28.6264 203 102 146300.00
7378 BROOKSIDE 21.4246 8.72312 660 218 54600.00
925 CENTER 4.09524 19.3545 157 51 85200.00
8998 ALBANY 14.9131 16.7274 367 196 54100.00
2443 EMERSON 3.22413 20.468 300 404 118500.00
6822 HEALTH_CENTER 11.5388 25.5094 229 142 21500.00
3974 WRIGHT 6.60911 13.6598 49 294 87400.00
7334 CYCLE 25.2105 8.396 727 145 60500.00
999 ECHO 15.9012 18.7284 698 35 124800.00
1983 SANDSTONE 12.6258 4.77199 625 64 121200.00
8752 PUTNAM 25.6688 14.8896 232 55 16200.00
1805 HILLCREST 9.9976 5.12397 192 362 18500.00
8689 BEECHWOOD 9.58594 20.3946 529 300 40200.00
4787 MAPLEWOOD 21.056 20.9292 491 327 38600.00
7243 BYARD 21.0688 9.98234 148 52 49100.00
4401 NORTHWOOD 24.656 24.0304 559 218 107100.00
6784 PINE_AIRE 16.2213 21.9911 177 138 145400.00
2496 ELLIOTT 7.55154 7.72463 248 209 95500.00
2441 STEPHEN_CIRCLE 13.1031 11.721 300 261 23400.00
1760 CANAAN 12.5534 21.951 160 58 148800.00
8879 OXLEY 18.068 16.2771 693 364 76600.00
8977 BRIARWOOD 24.9133 24.2509 396 283 113100.00
9566 GURA 21.3582 27.8252 545 194 81200.00
2741 MORRIS 15.4238 10.8569 433 288 146600.00
5497 SUNNYSIDE 8.38712 5.24448 382 333 112300.00
2592 FORT 8.91187 18.341 638 145 89400.00
1726 DUDLEY 15.1111 16.5932 649 232 39400.00
3269 INDUSTRIAL_PARK 6.91533 16.5044 256 339 40400.00
7620 SHADOW_CREEK 18.4812 18.5329 208 147 66400.00
2696 MINE 11.7367 3.66437 550 53 83400.00
7888 LASH 18.7269 15.0386 169 122 71900.00
6559 ROOSEVELT 23.9326 26.5499 862 179 111600.00
3058 MCGUFFEY 19.5395 3.61106 431 360 46100.00
7584 WOODYARD 9.34997 28.2825 87 162 136100.00
3871 CURRIER 15.5826 17.7066 492 408 116000.00
595 HANN 11.4848 19.1837 829 267 50200.00
4520 LADD_RIDGE 12.757 12.9135 810 267 36300.00
4774 BURT 20.8098 12.0229 247 13 149600.00
4196 KRAMER 13.9383 7.39061 197 161 148900.00
5580 COOPER 19.2554 25.3859 567 164 78200.00
4380 ANNETTE 21.6014 22.0738 716 405 16100.00
334 CURRAN 19.9824 17.8191 390 33 26400.00
1652 DORR 18.0695 13.9701 278 218 144100.00
7676 HANN 18.115 25.4286 908 233 130000.00
545 JOHNSON_HOLLOW 3.37423 7.05058 583 205 110100.00
9817 CORNELL 15.2461 27.6723 657 184 38400.00
9654 CARRIAGE_HILL 22.0685 14.7989 693 379 136500.00
9455 MCDOUGAL 17.9017 23.6513 549 124 79000.00
5635 STATE_ROUTE_682 7.46675 23.3353 849 234 37800.00
7523 PINECREST 22.9067 7.35754 564 360 60200.00
6409 GREEN 20.7378 8.33584 90 125 41100.00
4473 BATES 12.3616 21.9213 667 299 103300.00
2818 WESTFIELD 5.22797 12.3662 353 378 75700.00
503 2ND 12.0491 13.3029 443 132 89500.00
6573 THELMA 11.9306 17.9149 198 69 32300.00
2050 STEPHEN_CIRCLE 12.2965 9.64278 793 274 106800.00
4350 BOYD 20.271 3.9423 230 70 107400.00
9063 ROBINSON_RIDGE 26.7805 25.5949 537 269 149400.00
2786 ANDOVER 14.4097 21.1318 194 382 26800.00
3528 EVANS 22.5368 15.8607 381 272 47500.00
8933 DEERFIELD 23.3894 17.3014 738 339 33500.00
9634 EDEN 17.0912 23.71 490 396 56200.00
3744 COOK 9.00156 18.3692 908 234 142600.00
4876 SHADOW_CREEK 18.3985 15.5085 893 106 127400.00
9023 STEWART 24.0038 14.3957 196 296 77600.00
8938 HOME 19.247 12.243 908 162 32700.00
811 UNIVERSITY 16.0151 13.643 118 85 53100.00
2574 GUN_CLUB 16.9079 14.7383 761 143 70600.00
4647 WALLBROWN 16.1669 10.0312 304 338 40200.00
7022 LASH 19.4561 14.0691 333 170 84300.00
1900 CLARKE 13.7247 15.7461 317 383 64900.00
5966 HAWKS_NEST 17.2251 12.3597 425 112 147700.00
1034 MULLIGAN 7.25504 6.25557 47 281 62700.00
6426 CANAANVILLE_HILLS 24.6581 17.5557 620 387 124200.00
5816 EVANS 25.514 18.5 744 343 82800.00
3509 FREMONT 6.0296 12.4397 95 142 21700.00
5535 BOYD 20.7371 5.66885 826 319 85300.00
7797 STONYBROOK 9.81613 11.9622 93 128 55300.00
6402 FORT 10.9234 23.5081 24 294 28800.00
7884 WOLFE 26.115 11.0105 179 209 145400.00
3286 LAMAR 7.03574 14.4657 523 316 109700.00
4292 ATLANTIC 9.02294 19.7192 750 171 123700.00
8956 SWARTZ 25.8964 25.9521 718 130 147800.00
2835 MCKINLEY 3.36598 9.19688 586 349 19500.00
7098 CHUBB_HALL 16.8247 13.3827 165 396 32200.00
9409 POSTON 25.1879 24.6073 414 318 139600.00
8970 RICH 27.6565 22.4476 355 350 41400.00
5629 FIVE_POINTS 4.8716 18.1518 351 371 128200.00
9470 ENLOW 16.2236 20.8958 273 53 41500.00
6269 BOYD 20.7457 6.1616 828 128 76600.00
6164 ROXBURY 12.8392 13.1658 663 36 42300.00
7500 LAUGHLIN_HILL 8.33289 10.5608 329 88 116700.00
7626 BATES 14.4714 25.0743 621 89 113600.00
3445 CHURCH 6.57053 16.4444 172 63 68400.00
9397 SELBY 20.0969 12.4462 281 338 138900.00
3690 WRIGHT 8.2335 11.168 540 24 127800.00
1750 HOPE 6.98994 17.5274 516 223 64000.00
1525 POMEROY 16.4238 12.2703 409 194 43100.00
477 RANSOM 16.3276 13.7088 559 196 121100.00
9909 EDRIA 14.8711 25.4611 867 296 131600.00
7333 ECHO 21.843 26.4399 120 273 65600.00
2737 HERROLD 13.2793 7.11142 127 364 83100.00
5718 MEADOWDALE 20.958 5.72468 580 198 62800.00
9605 GARFIELD 29.2838 24.7984 178 127 53600.00
1818 CONGRESS 10.5583 3.13092 510 100 47500.00
6111 JEFF 11.2719 24.3757 858 352 68900.00
5563 PARKS_HALL 21.0423 20.9934 422 343 37000.00
2214 BEAN_HOLLOW 17.8118 11.2822 506 371 27900.00
4723 SPRING 17.2705 6.31462 319 27 116700.00
4991 BRYAN 21.4949 12.9701 295 407 136600.00
9418 FOSTER 21.8126 20.2146 64 333 67000.00
8975 HOOPER 20.144 14.6828 477 66 33200.00
5942 BEAL 17.4684 7.28732 115 41 136800.00
7070 LAVELLE 17.0326 17.8602 535 339 16700.00
4323 CANAAN 15.3025 24.4994 177 316 132700.00
947 ONDIS 10.9112 19.1811 843 55 43700.00
1382 MAPLE 12.9088 15.2783 29 153 76600.00
1710 BROWN 7.07289 1.74331 684 273 84500.00
1865 SHANNON 9.98815 12.9116 447 230 32200.00
6368 SHADOW_CREEK 19.7299 15.3455 604 185 24000.00
5061 LIN_HALL 16.587 19.8591 289 255 134800.00
9550 WALKER 26.9077 22.2046 84 80 116900.00
2533 GURA_CIRCLE 13.1589 5.95143 201 320 82600.00
9751 COAL_RUN 29.4483 28.1125 597 35 43400.00
6294 GREENE 7.55656 24.193 893 172 94400.00
8074 BEAN_HOLLOW 25.283 14.8099 580 197 92900.00
9640 MCDOUGAL 19.2997 23.1647 515 42 79700.00
451 BUCKLEY_RUN 15.2383 12.4629 796 118 95300.00
1625 SMITH 5.40665 16.1034 815 116 139000.00
5487 CANAANVILLE_HILLS 23.5063 16.9394 229 106 29400.00
3705 TROY 19.2171 16.0156 734 43 127600.00
1373 RUTH 19.3134 14.9172 366 254 30800.00
9076 FRANKLIN 19.2546 20.7195 888 383 94200.00
9223 SELBY 22.3465 13.1477 208 138 46600.00
2776 PARK_LANE 4.84483 4.36936 171 287 57500.00
8392 STONE_CASTLE 19.559 26.9675 773 359 54900.00
4274 ROCKY_POINT 24.5915 24.336 533 272 149400.00
5903 PENNINGTON 23.0232 9.56187 342 319 22800.00
4549 DORR 21.7382 18.6086 206 226 40400.00
14 PINCHOT 16.9777 13.0927 177 62 55300.00
5011 LAUGHLIN_HILL 7.20248 9.35785 273 328 119700.00
3028 GLESTRIE 14.8571 19.6254 467 21 119600.00
9125 KERN 21.8086 10.4746 646 376 107800.00
31 BUCKLEY_RUN 15.6406 12.032 600 407 115500.00
3722 RIVER 9.71756 16.126 585 72 95200.00
792 HICKORY 17.1844 15.9099 76 294 112900.00
2716 MONTICELLO 14.4538 16.2318 851 51 141200.00
77 GURA 13.837 19.0674 754 66 102900.00
85 RAINBOW_LAKE 14.0822 8.24954 235 234 42000.00
6002 CARDINAL 13.9515 10.3502 443 85 112800.00
9943 LOUISE 21.9604 16.0555 515 211 106900.00
7937 STATE_PARK 11.6476 10.7085 848 77 20400.00
2008 JACOBS 9.43724 18.7345 221 350 58600.00
450 HAINES_RIDGE 9.3224 9.30674 537 23 17900.00
8527 PHILLIPS 20.5393 18.8404 812 188 95000.00
2020 COLUMBUS 13.863 9.99234 196 184 115800.00
8919 PINEWOOD 20.771 23.0805 815 149 67600.00
61 LAUGHLIN_HILL 1.02815 5.24128 774 326 64800.00
529 LADD_RIDGE 8.61284 8.24083 151 329 64200.00
7850 BROOKSIDE 21.8662 10.4828 820 187 81500.00
1270 WARWICK 20.7948 7.54189 315 319 120500.00
8861 ROSCOE 14.4071 24.0669 104 83 67100.00
8985 CHARLES 28.0053 15.7609 29 292 64900.00
6274 LEODA 13.4135 22.7067 430 280 58200.00
530 BRYAN 18.5972 8.43192 27 228 117500.00
9148 ELLIS 26.2828 17.485 502 190 70700.00
1465 PUTNAM 18.322 7.73331 558 274 19200.00
5002 SELBY 16.7147 7.64493 590 272 136400.00
2635 MONTROSE 19.8045 23.6453 880 36 109100.00
9606 SUSSEX 14.6832 22.5305 699 56 92000.00
4077 ROSEMARY 19.1908 8.2181 714 191 40500.00
4157 STIMSON 4.13935 9.77266 199 23 61900.00
1918 CORNWELL 4.29223 7.85906 492 110 129200.00
582 CARRIAGE_HILL 12.6482 4.5015 793 163 36900.00
4441 FIVE_POINTS 3.75593 18.0545 286 143 63200.00
4675 CONVOCATION 11.6436 4.55291 244 151 85900.00
3432 MUSH_RUN 3.13368 17.7978 893 338 49900.00
4907 GREENE 5.34977 22.5938 651 142 17900.00
3678 LINCOLN 8.06266 17.1921 188 63 37000.00
6977 HILLS 23.0299 22.8328 114 358 65000.00
1785 ONDIS 12.3453 21.4702 161 374 115000.00
9018 STIMSON 10.3774 12.9315 718 227 129500.00
8072 OXLEY 18.4959 17.0624 182 174 30500.00
7563 DELLA 9.69797 8.29517 181 150 69400.00
3428 LUDLOW 4.36192 17.722 221 314 126000.00
9487 RICHLAND 27.7779 17.5395 880 124 108900.00
2894 LAKE 13.2298 19.9978 831 350 52200.00
439 MONTICELLO 14.5848 13.0434 459 208 96300.00
1472 HEALTH_CENTER 5.96329 19.3543 897 331 73400.00
8528 PENNINGTON 25.3595 11.7251 222 202 16000.00
2156 RADFORD 6.59556 6.5263 913 329 112200.00
7679 ADALINE 14.9022 15.6865 641 176 97300.00
4446 FACTORY 24.2279 24.6429 617 281 124600.00
4199 HANING_HALL 19.6382 12.9496 894 116 65100.00
6915 DUTCH_CREEK 12.6168 15.518 621 197 122100.00
4949 HUDNELL 22.308 13.3504 216 399 113400.00
9876 THOMPSON 27.2936 12.386 709 121 38300.00
7769 DORR 25.5348 21.1433 644 208 78100.00
4212 FOREST 14.4612 7.75112 585 327 96900.00
1212 THELMA 8.56453 13.2299 514 212 45500.00
3359 HERROLD 14.4944 9.32877 191 169 26600.00
7227 RADFORD 11.9689 13.007 385 67 19200.00
7561 WARWICK 26.9168 10.9356 330 264 83800.00
7977 DEER_TRACK 24.6353 11.3893 508 24 19500.00
179 KEIRNS 3.28588 9.57891 232 310 92100.00
7230 HANING_HALL 22.8285 17.5056 393 344 79600.00
8321 WALLS 9.61705 28.1921 480 201 60800.00
7318 CLARKS_CHAPEL 11.0741 20.8441 668 235 149500.00
4105 US_HIGHWAY_50 24.904 23.6891 576 334 69600.00
2301 BROWN 7.30023 2.75913 369 194 115600.00
1631 LARSONS 19.9665 14.6588 435 168 101200.00
4483 TROY 20.7519 16.667 304 170 94200.00
4274 MCKINLEY 5.5247 10.1259 841 262 49600.00
1770 OAK 3.2061 6.32854 448 66 99700.00
7927 LEODA 16.7471 24.4254 418 239 114600.00
3254 HANN 14.0348 19.5002 702 158 57400.00
809 LINCOLN 3.90373 12.1287 446 154 64400.00
3389 MELNOR 7.3173 15.8664 763 392 147500.00
6485 OAK 8.37201 9.8633 859 47 135900.00
3852 UNIVERSITY 17.6783 16.2859 865 179 105100.00
4079 STONYBROOK 5.51693 6.60922 777 215 63000.00
7967 UNIVERSITY_HEIGHTS 22.2672 23.8693 68 265 124800.00
4795 ORPHA 26.0952 23.6714 100 209 127300.00
4195 CAMERON 16.5183 18.1355 254 45 26500.00
2691 MADISON 14.6199 9.51695 626 314 62100.00
259 STATE_ROUTE_691 13.99 1.19006 818 133 47500.00
1284 RAINBOW_LAKE 13.0518 8.48416 493 375 58900.00
3817 RING 12.4752 5.12902 95 235 73000.00
2831 GIBSON 21.7657 9.26758 362 357 112500.00
160 JEFFERS 13.151 11.7725 309 198 39700.00
9167 KERN 22.5392 10.6888 111 22 138900.00
1262 WATERTOWER 9.76567 12.7268 661 137 77600.00
4050 KURTZ 9.08019 22.6213 139 246 42100.00
7750 FIVE_POINTS 7.92675 21.5744 411 328 92200.00
8836 FULLVIEW_HEIGHTS 28.3752 27.5046 236 196 45400.00
4746 LONGVIEW_HEIGHTS 22.8995 9.01297 129 231 24900.00
1455 CABLE 8.19469 0.468999 41 215 25800.00
2374 KITTY 2.66335 16.7079 635 332 57000.00
9441 STATE_ROUTE_550 29.156 26.0588 835 192 50300.00
383 LASH 12.1024 6.9993 236 75 28500.00
8693 ANGELL 15.4062 11.9694 605 293 79100.00
376 ANGELL 6.92473 3.57208 630 298 95100.00
5878 BASSETT 8.65376 17.0914 500 213 75400.00
8141 FISHER 13.7878 18.86 522 375 62000.00
9499 CHUBB_HALL 19.8482 14.846 65 368 125100.00
8938 MCCRACKEN_HALL 12.3755 16.5255 47 218 147000.00
9673 BARROWS 16.7429 10.8126 873 270 63700.00
1030 PINEWOOD 11.2626 13.6136 912 363 99800.00
3413 SHADY 11 10.747 891 214 70900.00
6169 ALTAMONTE 18.7361 15.0146 63 337 141700.00
7804 EUCLID 15.6112 13.4132 324 343 61600.00
2731 BENNITA 13.8946 7.54239 514 24 104800.00
8853 GUN_CLUB 20.5788 20.3836 810 80 95600.00
5456 COWAN 13.6112 15.9982 635 12 101700.00
8297 HARMONY 26.8055 20.6108 898 216 105600.00
753 ATLANTIC 7.24254 14.5701 687 266 80100.00
370 MAPLE_GROVE 19.7693 8.56734 681 200 43600.00
316 MCAFEE 6.8376 15.6358 490 238 141800.00
2448 MAPLE 13.1284 15.9319 215 66 40500.00
2010 RAINBOW_LAKE 14.8678 9.38467 427 403 73500.00
2036 ANNETTE 20.2278 18.8857 571 385 29000.00
2300 ATLANTIC 7.70973 17.5383 483 58 60000.00
8516 PENNINGTON 26.9883 10.4297 177 311 61600.00
8495 NORTHPOINT 27.5324 14.335 745 152 143500.00
7312 CORNWELL 7.44459 13.4236 106 180 139700.00
9135 RAINBOW_LAKE 22.3854 15.0209 255 224 137500.00
1076 COVENTRY 20.9024 14.2621 110 363 46000.00
2134 WILSON 4.67944 22.2312 405 109 115100.00
2170 WOLFE 21.0238 2.56091 288 266 141600.00
770 NORTHPOINT 18.7654 7.09621 595 151 35200.00
3286 VAUGHN 5.40544 7.92487 340 299 37100.00
9842 MCKINLEY 10.8306 16.9317 145 367 128100.00
2375 DOVE 11.3597 10.8232 892 46 129300.00
2739 ARDEN 13.6194 16.1007 194 207 92500.00
6141 WOODSHIRE 10.0944 10.3522 657 304 45200.00
5124 PLAYGROUND 19.0784 10.1127 123 373 87600.00
6941 PRIMROSE8 18.6246 13.4373 144 351 114800.00
2259 TEDROW 11.2187 14.5997 905 291 148500.00
1976 ROXBURY 8.79419 8.47841 907 274 128700.00
3238 STATE_PARK 7.0199 4.85854 677 277 148200.00
1645 BLACKBURN 18.9919 5.4113 655 375 137600.00
9731 HIGHLAND 29.6302 28.0942 884 113 104700.00
3007 SCATTER_RIDGE 13.2373 19.9378 385 127 85300.00
1945 CLOVER 9.577 17.214 459 344 145800.00
6526 WALLS 8.19642 25.2109 476 190 80600.00
6206 DOGWOOD 9.53043 6.70239 653 58 73500.00
8238 LOCUST 23.6935 27.1601 632 72 61800.00
5949 WATERTOWER 14.1086 17.2546 605 190 108900.00
7931 ESTATES 25.5157 19.3736 430 222 97200.00
1082 FOREST 9.36205 6.97016 416 136 50700.00
8414 LAKE 16.1613 25.8818 660 207 134300.00
7512 INDUSTRIAL_PARK 10.2145 21.205 622 256 93800.00
6576 OAK 8.98177 10.4413 407 68 26200.00
9988 COVENTRY 29.142 23.2479 428 339 33900.00
169 TAMMY 7.27537 12.8318 670 354 21100.00
1491 FIVE_POINTS 0.745873 14.293 821 408 125200.00
6895 STEPHEN_CIRCLE 18.3809 16.7059 546 314 73900.00
8319 DELLA 8.63686 9.11407 679 369 47900.00
7873 MEADOW 24.8091 12.9295 792 36 145400.00
521 MCKINLEY 1.54345 7.47322 461 385 108400.00
4588 PERRY 17.208 6.61106 260 118 108100.00
5312 CANAANVILLE_HILLS 25.3171 16.6146 124 145 115700.00
1064 KRAMER 9.00481 4.66264 267 81 106900.00
5229 JEFFERS 16.5304 15.4349 658 286 137500.00
8703 ADALINE 15.1217 15.4126 453 225 66200.00
9202 CURTIS 19.0271 15.2574 377 215 113700.00
4255 MILL 11.045 9.74285 576 304 23000.00
2544 ECHO 17.8756 20.4001 369 27 46300.00
1923 ECHO 18.0369 18.991 879 217 120800.00
4365 RANDOM 17.5398 15.2455 324 149 41400.00
302 CANTERBURY 12.1723 15.9505 202 69 149800.00
236 LUHRIG 11.368 11.1294 237 293 149900.00
910 ENLOW 8.27277 12.8432 644 181 75900.00
3272 MONTICELLO 15.3597 16.4394 522 207 91000.00
356 WHITES 0.501161 16.5842 868 317 95200.00
6302 ROBIN 6.30223 21.8305 432 395 47300.00
898 HAMILTON 9.1588 4.38257 343 330 34800.00
2476 SHAULIS 20.778 22.7036 361 11 67700.00
1458 MCDOUGAL 9.11664 16.1485 513 408 90900.00
249 ROSCOE 7.72256 15.236 807 386 119100.00
8659 ONDIS 17.6118 26.1143 794 161 21400.00
8241 SUE 16.038 28.6343 62 106 46600.00
4840 GREEN 20.478 7.59184 463 324 138200.00
6565 LADD_RIDGE 14.7462 15.5086 769 138 126700.00
9698 STARLIN 18.8517 22.5228 30 22 57400.00
4385 CASH 13.7681 16.9563 349 248 137300.00
8840 WONDERHILL 19.8925 26.889 655 158 118400.00
2385 NEW_MARSHFIELD 21.8442 2.4465 907 338 72200.00
8774 STONYBROOK 8.68671 12.0812 482 128 93400.00
1212 PINECREST 17.368 1.71517 545 261 138200.00
4932 WINGROVE 17.0447 18.8035 356 345 60200.00
9142 ROBERTS 15.2973 15.3705 308 252 144000.00
1276 PARK 2.42258 5.42385 537 148 20600.00
8710 COOLVILLE_RIDGE 13.3435 21.2399 16 115 141400.00
2474 GURA_CIRCLE 11.2713 5.85169 695 108 106100.00
6854 SHADOW_CREEK 18.7401 16.6894 575 288 48500.00
1775 TROY 15.6271 16.8173 845 199 106900.00
6867 WALNUT 22.3148 7.33203 591 252 133000.00
4158 STONE_CASTLE 13.3139 21.8518 190 236 33900.00
7454 MAY 25.3894 15.4039 16 34 122300.00
4524 BEAL 15.8767 4.52364 88 22 46100.00
7714 RIDGEVIEW 8.30809 8.42421 510 377 19300.00
302 LAUGHLIN_HILL 1.87749 5.48622 476 46 84200.00
8707 BATES 17.0168 26.5035 291 51 121900.00
2215 RADFORD 5.98447 7.85535 170 310 105500.00
2190 RANDOM 15.1158 11.6351 97 115 123800.00
2992 EDDY 12.638 16.9281 790 186 114900.00
550 MILL 6.40974 5.05281 151 201 133400.00
6070 DUTCH_CREEK 11.5787 14.8541 432 332 21600.00
202 JULIAN 3.50087 11.3411 774 263 24600.00
6059 ROSE 18.2807 23.2348 431 31 48900.00
1041 HAINES_RIDGE 8.32116 10.5786 426 366 124900.00
834 ERVIN 6.75828 17.3309 363 171 108900.00
1999 ROSEMARY 15.1597 7.97066 382 395 51000.00
2263 HARDING 8.18229 5.45556 689 170 58900.00
1491 LONGMEADOW 11.2247 9.03829 50 360 118100.00
2176 MONTROSE 19.5076 22.4943 156 16 147100.00
2013 MEADOWDALE 18.8462 3.25064 859 148 78600.00
2199 CLARKS_CHAPEL 5.50997 15.8153 48 69 31900.00
4096 COLLEGE 15.2587 19.5492 91 222 66900.00
2845 COOLVILLE_RIDGE 5.59189 16.5401 579 271 45600.00
5472 BARROWS 11.3925 5.80469 203 196 16900.00
8375 FERN 16.2201 27.908 36 112 22900.00
7176 SHAW 13.1991 18.0325 439 230 68500.00
7871 LEODA 15.8044 25.1776 619 379 45600.00
3496 MCDOUGAL 12.5354 19.543 609 147 88800.00
1254 GROSVENOR 11.0491 13.8848 389 290 96700.00
3044 ELMWOOD 13.6233 10.6275 97 79 94100.00
4055 RANDOM 18.0994 12.47 558 103 116700.00
6270 AVANELLE 20.2409 26.0479 308 53 141700.00
214 OAKWOOD 14.7277 5.70232 263 350 103200.00
2992 BOLLEANA 17.4414 21.3547 264 50 84300.00
8983 STATE_ROUTE_691 20.4477 9.6478 117 111 110000.00
7350 DAIRY 20.8016 20.2118 152 182 140100.00
7204 LAKE 17.4111 23.2896 537 373 18300.00
577 GLEN 9.61113 17.1969 279 135 39900.00
7110 MEADOWDALE 24.4284 8.41301 347 212 94000.00
3632 ROBIN 3.47906 13.4251 93 69 145100.00
1710 WOODWARD 14.327 4.33138 538 206 143900.00
8293 STATE_ROUTE_690 7.53516 12.4304 391 249 18700.00
1991 POSSOM_HOLLOW 5.92469 8.64123 90 314 114200.00
6822 NORTHWOOD 25.3824 26.8378 86 198 18500.00
1414 RING 8.74637 5.50455 723 390 105200.00
356 HOSPITAL 20.1878 12.1395 730 57 62700.00
9424 KENT 15.7827 25.931 599 372 140700.00
5991 PLAYGROUND 22.0939 11.7502 429 229 88400.00
3328 US_HIGHWAY_33 16.9805 13.1937 534 57 112100.00
7324 HOPE 12.6632 22.2525 292 196 28000.00
626 GRAHAM 11.2949 7.74673 789 234 71500.00
9211 ROLLING_HILLS 13.9409 10.8346 316 156 56100.00
1949 DEER_TRACK 18.1205 7.19352 641 110 108900.00
8638 MONTROSE 26.145 27.6446 661 84 88900.00
3999 OLD_STATE_ROUTE_56 11.541 10.9096 235 191 63200.00
2192 GUN_CLUB 16.2152 15.2967 598 308 143700.00
895 COLUMBIA 9.25338 11.0943 797 19 32900.00
967 KAY 8.01794 19.4506 801 71 24900.00
5858 SAND_ROCK 15.208 9.16083 562 355 101300.00
5875 FULLVIEW_HEIGHTS 24.8644 26.1188 117 155 92900.00
9636 CARPENTER 20.0215 24.2715 725 285 24200.00
8447 STEWART 23.1428 16.568 292 241 61200.00
244 CABLE 7.61661 0.973557 94 106 98800.00
6921 ANGEL_RIDGE 21.9461 26.8677 124 362 99500.00
8892 STARLIN 18.5032 20.6501 222 188 121700.00
545 PUTNAM 16.1546 7.86388 339 130 83700.00
4298 VORE 5.47289 13.2677 797 43 38400.00
3681 MELNOR 8.0765 15.7746 843 324 104100.00
9188 WOODSHIRE 12.465 13.5023 867 129 82000.00
4094 EVANS 22.2182 15.1025 838 312 22600.00
1063 WOOTEN 20.9006 9.61327 865 71 46900.00
8178 STRATHMORE 26.1125 16.6545 481 109 89500.00
2182 STURBOIS 3.63454 8.49508 222 337 145000.00
5845 ROBINSON_RIDGE 24.0817 22.2871 601 388 55600.00
6133 CARBAUGH 17.591 24.496 449 79 100400.00
6224 WOOTEN 24.0823 14.7653 863 288 110200.00
2614 WALLACE 13.5504 15.2232 737 246 18500.00
5465 STATION 23.9376 10.158 417 332 146800.00
3316 COUNTRY_CLUB 13.5504 20.5538 673 147 134000.00
5602 RIVERVIEW 7.61447 18.2719 380 368 16700.00
1102 RIVERVIEW 3.96099 13.7157 722 57 35600.00
726 KITTY 1.4387 13.7905 408 179 63800.00
1968 HANING_HALL 16.4067 11.3144 689 11 46000.00
3226 CHUBB_HALL 12.7503 10.6256 885 346 21400.00
1060 ROSCOE 6.30107 14.1464 209 112 102000.00
7725 BLACKBURN 26.8297 10.4319 906 299 15800.00
8274 MANSFIELD 17.8428 11.8847 696 103 49700.00
6983 1ST 16.8291 23.637 567 206 75600.00
5601 GRANVILLE 17.1672 11.8135 834 72 16800.00
4026 FIVE_POINTS 4.34777 17.9386 390 22 96900.00
9788 ANGEL_RIDGE 24.7136 29.2653 243 405 41900.00
9099 DEERFIELD 23.4457 18.1483 62 370 140400.00
1117 RANDOM 14.9157 10.1335 126 355 61600.00
5727 KINCADE 20.8094 17.8847 559 271 76400.00
1723 MARSHFIELD 5.12442 3.30341 324 279 109300.00
7306 SUE 15.1648 27.4079 694 323 142700.00
1544 PORTER 0.500072 9.07406 656 319 54200.00
361 SAND_ROCK 11.5333 3.68608 474 28 52500.00
5309 HAWKS_NEST 17.6699 10.4277 348 130 106700.00
8017 MAPLE_GROVE 25.5704 14.7575 653 187 114100.00
1243 LONG_RUN 3.86819 4.73308 464 300 92300.00
8291 CARROLL 18.6559 28.3772 443 95 111100.00
681 BROOKSIDE 15.2636 2.88132 146 102 96500.00
927 COLUMBUS 13.2856 7.07162 231 212 142500.00
7730 2ND 19.124 19.4672 255 298 20400.00
1148 COOPER 13.3407 19.5316 224 65 95700.00
7361 UNION 17.213 24.631 497 144 109200.00
6569 CLEARVIEW 16.9003 13.6308 519 126 113700.00
8788 COUNTRY_CLUB 17.6722 27.6766 836 133 106100.00
4422 FOSSIL_ROCK 11.2436 13.2255 325 79 47600.00
9161 JONESWOOD 27.2016 21.9832 621 320 23800.00
7965 KURTZ 13.5619 26.5441 101 210 79000.00
7989 PUTNAM 22.6919 13.9869 844 369 82800.00
1067 BURT 17.1244 8.29415 197 112 54300.00
8962 BAINEY 25.8252 17.5621 237 235 135900.00
8347 MAPLEWOOD 24.7815 23.9787 842 244 22900.00
3765 LOCUST 17.3054 22.4947 41 21 28000.00
4939 STEWART 19.6198 12.3742 350 284 125600.00
1168 PARKWAY 19.5972 18.9773 469 191 95700.00
1661 RIDGE 10.6817 7.38058 640 203 86200.00
3260 BANBURY 14.4341 6.25552 609 40 85300.00
4265 OHIO 19.2141 19.5549 687 364 75200.00
1749 MANSFIELD 10.502 3.84603 828 41 136100.00
4556 SIMMS 12.6389 21.5077 742 113 143100.00
3228 MONTROSE 20.2627 21.9377 530 173 94000.00
1101 YORK 18.4 6.49709 470 113 28600.00
9336 HAMILTON 16.3901 10.2904 856 359 72500.00
4890 RANDOM 17.1877 14.9053 568 57 142700.00
2712 HARMONY 21.7837 14.2697 488 304 135900.00
2622 SUNSET 6.12742 9.50972 363 357 145900.00
2699 WARWICK 21.618 8.66995 246 301 133500.00
3176 WILLIAMS 10.0148 16.5475 231 243 126100.00
6848 LEMASTER 12.3472 22.3993 573 284 94000.00
2986 BAKER 3.26561 16.4975 35 244 84500.00
346 HARMONY 21.2216 12.4744 260 122 95800.00
3182 FRUM 13.0237 6.89283 702 193 125900.00
8245 GARFIELD 26.4264 20.9673 244 339 114200.00
4853 WOOTEN 23.6954 13.6343 281 26 16600.00
2066 SELBY 15.2181 5.72813 310 183 83000.00
9697 STONE_CASTLE 21.722 27.1027 636 295 75400.00
331 BROWN 5.69292 1.24264 233 364 127400.00
1607 STRATHMORE 19.3093 8.92486 726 265 106000.00
9219 SUNSET 12.7285 16.3717 891 212 55500.00
873 CHURCH_HILL 17.0974 16.7633 257 293 20400.00
6817 SMITH 11.2341 20.134 17 283 102300.00
2118 COURT 15.0349 19.9278 472 193 137100.00
1904 BRIARWOOD 18.4024 16.0095 204 274 146300.00
4232 BALL 13.4504 19.8292 139 36 22500.00
23 MILL 6.72131 6.41149 68 83 20800.00
6329 HANING_HALL 23.3537 17.2928 652 174 127800.00
7630 HEBBARDSVILLE 21.5203 15.7659 274 207 25500.00
7015 JEFF 12.2914 25.5371 838 50 49000.00
6740 STONE 26.7296 18.1471 307 348 141100.00
6764 EDRIA 10.2385 20.2256 91 304 84300.00
9665 STONYBROOK 10.7693 12.7859 239 326 134500.00
3450 MERKLE 13.3972 16.3983 731 126 72900.00
3682 MONTROSE 20.5453 23.7242 18 355 61800.00
1567 EMERSON 3.95374 21.164 630 190 109300.00
5070 PINE_CREST 15.2542 20.0714 238 321 39100.00
1652 BYARD 13.4658 2.1323 521 18 86400.00
735 GREENBRIER 2.42583 7.31242 868 229 99300.00
1913 DOGWOOD 6.26469 3.11758 177 264 54300.00
9140 UNIVERSITY_ESTATES 12.543 14.6684 355 36 45100.00
5648 ALBANY 10.1889 13.9128 797 389 21200.00
5209 MCGRATH 14.0671 21.0864 17 219 40000.00
6004 SHELLEY 7.02163 14.9775 889 399 48800.00
2812 GREENBRIER 4.28941 11.0252 906 249 134700.00
5222 CHARLES 23.5123 13.5027 409 140 38500.00
9580 KINCADE 25.1649 18.9404 427 163 59300.00
9238 US_HIGHWAY_33 23.6482 16.4707 314 341 41900.00
4168 ECHO 18.5512 21.7941 356 284 145200.00
1722 LAVELLE 11.5814 13.0264 179 163 89500.00
3358 POSTON 19.6498 19.9892 383 291 32400.00
9409 CURRAN 28.3408 26.7308 755 403 57300.00
3520 SEIGLE 13.7893 12.7292 667 246 121700.00
9409 PALMER 25.205 20.2662 100 159 94000.00
5291 HOON 16.6217 24.8458 193 350 17100.00
6502 LODI_MEIGHN 21.0372 9.6934 68 47 132600.00
2469 OAK 5.62159 5.6489 446 122 63500.00
1436 MOORE 16.4077 13.0814 36 257 53900.00
1055 STARLIN 10.61 14.0182 708 196 97900.00
7044 ROSEWOOD 21.1492 23.1665 536 282 132700.00
6533 COLUMBIA 15.5247 18.3786 467 305 59500.00
5584 FACTORY 23.8347 25.2549 177 171 51200.00
3793 CANAANVILLE_HILLS 23.2814 14.2821 419 282 62400.00
3771 SWARTZ 21.1567 21.1732 387 316 115300.00
7310 WAYNE 17.1873 17.4442 19 372 128900.00
7890 CURRAN 26.1027 25.1873 814 275 60200.00
9771 MAPLE_GROVE 27.013 16.4077 25 29 96400.00
7680 CIRCLE 29.1365 9.46977 342 207 101100.00
5911 TAMMY 12.3145 18.0469 91 269 124500.00
237 VORE 0.974526 18.9933 652 72 26900.00
4371 DORR 23.1673 18.1513 378 375 20600.00
2756 OAKWOOD 16.7277 7.22162 77 91 96200.00
4233 HEATHERSTONE 21.2873 18.4992 728 366 23000.00
1745 ESTATES 19.7623 14.5737 419 103 35400.00
2336 HAINES_RIDGE 10.1417 11.8384 69 287 110800.00
4271 MCGRATH 13.4666 18.6828 446 279 81500.00
1377 CHASE 7.06423 9.0239 29 206 60900.00
9073 RED 29.4839 13.2632 302 45 19100.00
4155 SUNNYSIDE 8.0884 5.13436 806 337 139100.00
3751 SELBY 16.4417 4.90899 383 250 40800.00
1747 YORK 19.7765 7.53806 720 86 122300.00
9662 SUE 16.8484 30.8179 852 90 113900.00
8022 SELBY 18.7762 11.085 692 178 96700.00
8233 FOX_RUN 7.30608 26.0012 620 357 111500.00
464 WATT 8.8025 16.067 38 15 45000.00
4862 HASTINGS 6.29056 6.52021 46 26 128400.00
3224 GROVER 9.56573 15.2341 883 145 20200.00
5099 COUNTRY_CLUB 13.6148 22.8518 102 33 47200.00
4323 NOTTINGHAM 11.0984 4.56942 679 248 116800.00
7566 CHURCH_HILL 24.4249 22.3468 769 36 27500.00
4890 WINDSONG 6.36256 10.9987 855 62 62400.00
243 STATE 3.41622 18.8873 863 136 111100.00
8973 BENT_BROOK 10.3079 13.5874 508 202 139300.00
3341 TROY 19.7522 15.5526 433 94 50100.00
9821 FREMONT 11.2758 20.937 791 155 59500.00
7474 KITTY 8.60777 21.0588 606 133 149000.00
5985 BYARD 18.4004 7.3273 264 379 122100.00
4263 PARKS_HALL 19.6894 21.1621 219 279 50300.00
7282 PHILLIPS 22.1165 15.9424 625 259 77700.00
8006 LADD_RIDGE 15.4086 16.7501 147 315 27400.00
5531 LAMAR 7.71303 15.504 238 148 128500.00
576 JONESWOOD 19.5368 13.4898 591 50 132900.00
33 HAMILTON 7.64853 3.64896 562 14 75000.00
4070 ALBANY 7.87728 11.2692 171 311 64300.00
2335 KNOLLWOOD 18.4771 5.18792 540 339 147800.00
3138 HARRIS 20.2036 18.176 437 227 35400.00
7191 RARDIN 20.2285 12.1832 481 113 39000.00
2724 RANDOM 14.1736 13.2161 653 84 22600.00
2169 HAWKS_NEST 15.2814 7.91415 75 79 118600.00
2966 BENNITA 15.4815 8.35025 447 172 76600.00
7580 FOREST 16.7265 13.3132 377 119 134600.00
7778 ELLIS 24.2723 14.162 494 322 32000.00
7640 SUNNYSIDE 11.8642 7.75874 813 381 58800.00
3127 STATE_ROUTE_56 4.07225 20.9757 840 325 31800.00
5743 EDEN 13.9743 19.9586 842 33 111600.00
351 JEFF 5.99766 18.8561 826 198 32200.00
8995 OLD_PEACH_RIDGE 21.1738 24.6532 363 374 118000.00
4724 BASSETT 10.3578 17.9222 899 77 18700.00
5310 LAKE 15.8886 22.5549 632 238 72200.00
412 UNIVERSITY_ESTATES 4.13541 6.61735 573 273 73200.00
2518 MCGRATH 11.0736 18.2874 603 246 17200.00
2818 PLEASANT_VALLEY 16.4413 23.4209 854 355 85500.00
9740 PLAYGROUND 26.1245 15.4491 749 26 43300.00
9866 WATT 15.9825 25.2453 128 208 140300.00
9964 FORT 15.8795 26.3074 598 356 38000.00
3546 MINE 13.6577 4.08397 538 388 44600.00
2334 AVANELLE 17.3545 20.8326 304 135 85300.00
6145 GRAHAM 17.2702 13.577 137 326 82200.00
2833 MERKLE 10.8327 14.9674 31 165 65400.00
9856 GARFIELD 28.8732 22.8837 546 146 23900.00
7722 FRUM 15.6382 10.5808 743 93 39500.00
4666 FOSSIL_ROCK 12.3996 14.5413 184 348 140900.00
4292 MAPLE_GROVE 22.8807 11.3782 711 398 87400.00
3265 HICKORY 18.952 19.2361 720 25 37900.00
3467 TERRACE 16.9843 19.9002 362 210 45000.00
9172 HOSPITAL 27.473 22.2246 553 260 72000.00
8106 CURRIER 18.9176 22.5589 587 156 18600.00
6861 PARKS_HALL 21.3193 22.6261 102 352 33900.00
8319 CANAAN 19.3367 29.237 17 265 79600.00
4310 YORK 22.8792 10.7919 318 64 113000.00
6314 COLLEGE 15.6924 22.913 62 388 39600.00
4108 PLAYGROUND 18.4833 8.70072 646 226 65200.00
4807 SHAFER 8.63775 13.7666 769 60 60100.00
2333 COLUMBUS 16.0315 10.6085 278 85 23700.00
7756 WESTFIELD 9.81622 18.4831 399 42 144100.00
1544 FREMONT 3.94915 11.2875 697 234 44500.00
6432 HEATHERSTONE 23.7667 19.8937 265 136 83300.00
501 MAPLE 10.9783 13.9788 617 384 20900.00
891 EDRIA 4.9861 15.449 510 52 22700.00
3778 KERN 17.4209 6.38266 495 273 82100.00
9435 STURBOIS 9.39985 16.2032 412 156 133800.00
6571 HAWKS_NEST 18.93 12.0203 37 117 37000.00
2407 SPRING 13.3895 2.12429 679 124 49900.00
8291 TROY 23.3746 21.0919 443 184 62000.00
3392 DEERE 8.63928 4.35411 748 144 114600.00
6185 LIN_HALL 17.3332 22.2892 560 121 121500.00
9520 KURTZ 15.848 28.0844 408 55 23200.00
2893 CHURCH 7.73831 13.4791 220 355 38800.00
9261 MCAFEE 14.7239 23.6384 470 390 92900.00
9080 JEFFERS 20.4252 18.8717 279 53 59000.00
8072 ANN 19.6392 12.2983 526 295 115900.00
7324 NALLER 24.6971 19.4022 243 140 46600.00
6635 OLD_STATE_ROUTE_56 13.9647 13.0435 318 83 71200.00
562 GRAHAM 12.327 7.4738 29 248 125500.00
9239 STATE_ROUTE_691 20.9557 10.6888 810 130 102500.00
3419 HERROLD 13.4917 9.08508 788 243 55500.00
6385 FULLVIEW_HEIGHTS 26.6493 24.0965 284 155 143200.00
1322 GILHAM 9.64037 20.3198 902 137 149000.00
7591 HARMONY 26.4256 20.4255 53 368 78900.00
2539 MCGRATH 10.0074 17.9206 876 326 79400.00
4440 US_HIGHWAY_33 17.5089 13.4087 624 320 64200.00
8304 HICKORY 23.7769 23.1238 58 145 122700.00
7172 ROCK_RIFFLE 10.4362 25.3597 849 358 62500.00
1452 VALLEY_VIEW 17.966 11.9327 717 213 40400.00
8434 PINE 24.4882 24.391 310 135 139000.00
5597 BANBURY 16.6414 10.3027 413 203 99700.00
6621 JULIAN 9.01814 16.728 330 164 110300.00
5246 VORE 5.43419 22.3134 692 211 45100.00
8495 FRANKLIN 17.6458 21.3589 639 47 147600.00
6979 LINCOLN 12.1669 19.0685 431 280 17100.00
5697 KNOLLWOOD 19.6507 7.31007 783 176 132200.00
4698 RAYMOND 14.423 24.0301 290 76 125200.00
7283 THELMA 14.1702 18.276 594 18 43500.00
5961 MELNOR 10.181 17.4357 763 245 97900.00
9641 LONGVIEW 11.8918 26.4448 82 273 80000.00
4906 COURT 18.6219 25.4024 504 282 72400.00
9358 BEAL 20.2525 10.199 54 216 111100.00
1936 SHAW 8.92213 14.3862 754 140 98900.00
3258 TERRELL 16.8012 20.283 882 154 96100.00
7053 LONGVIEW_HEIGHTS 23.2586 11.3812 862 277 115200.00
5104 FREMONT 7.617 15.3896 360 240 134100.00
8890 FAIRVIEW 10.0644 18.151 356 11 139800.00
2221 ROCKY_POINT 22.7382 22.5795 447 187 47800.00
9135 HAWKS 29.2584 25.6963 130 13 109300.00
832 BROWN 7.11081 1.17964 268 125 146100.00
4923 ARMITAGE 8.99464 9.73975 127 39 65600.00
4107 COOK 10.7898 18.8075 43 120 57600.00
2354 GILHAM 12.9331 21.02 400 218 74800.00
1524 ONDIS 11.4976 20.9786 729 401 54900.00
943 JOYCE 6.46988 3.89588 879 239 32300.00
1596 BROOKSIDE 14.8198 3.08147 846 343 45200.00
9612 TULANE 20.2878 24.1962 494 254 35000.00
6626 SELBY 17.7903 8.14051 359 28 89100.00
1992 WESTFIELD 4.60385 11.8749 417 400 124600.00
9243 GRAND 9.47615 20.1355 764 12 147200.00
2928 CARBAUGH 14.513 22.2602 745 15 75000.00
8715 HANLIN 9.75976 26.9003 820 81 30500.00
1235 GRAHAM_CHAPEL 13.9306 15.1378 259 268 124800.00
6288 HOME 16.9406 11.3179 215 356 104700.00
4383 ATLANTIC 10.0355 19.7583 233 135 23900.00
1603 HOSPITAL 21.7617 14.8267 890 366 17000.00
1636 COAL_RUN 20.1576 20.9794 515 105 17200.00
2418 ROCK_RIFFLE 7.3383 20.7988 58 306 86400.00
7445 ROSEMARY 22.3913 13.4814 735 24 144100.00
3725 HOON 15.8614 21.1681 379 409 69500.00
4278 DOVE 13.0443 14.9137 506 138 122600.00
5721 CABLE 13.2309 5.86617 16 173 117400.00
8943 CHUBB_HALL 18.4864 15.1337 776 65 34600.00
9643 POMEROY 22.0926 19.2866 647 347 46400.00
4494 COVENTRY 24.5975 17.4696 175 49 38900.00
105 DELLA 2.23688 2.74473 800 213 76900.00
675 GRAHAM_CHAPEL 14.1233 15.0161 514 33 91500.00
322 LADD_RIDGE 8.76161 8.64339 779 269 101600.00
895 MAPLE 11.8581 15.5387 337 288 128800.00
1640 HEMLOCK 7.91207 9.93783 313 281 147700.00
351 COOLVILLE_RIDGE 4.131 14.6183 739 174 54400.00
5615 SALEM 17.6112 22.5418 722 259 84200.00
9447 FRUM 18.3528 11.4012 318 131 139900.00
7628 JACOBS 13.5211 23.6062 90 216 109800.00
5907 WALKER 20.7491 18.0013 486 340 149400.00
354 FOSSIL_ROCK 8.46475 11.9419 596 156 103700.00
89 STATE_ROUTE_690 0.973105 6.23293 466 93 86700.00
9537 BROOKSIDE 23.4836 11.1757 195 234 122500.00
1203 KAY 8.29514 21.9277 536 127 94200.00
3358 WALLACE 14.6571 14.9952 461 54 60200.00
8983 WARWICK 27.4997 12.3498 677 52 52300.00
6488 DEERE 13.8644 8.62349 143 142 146500.00
9900 BURT 28.0036 17.1481 506 183 75100.00
2465 SHELLEY 2.62448 12.0618 818 163 57000.00
3452 STATE_ROUTE_56 4.30359 22.133 800 399 51600.00
4656 HOON 16.159 22.1862 216 81 75100.00
1697 YORK 19.0757 6.61499 771 174 55800.00
2234 KURTZ 9.31476 21.3994 23 237 98000.00
7100 PRATT 23.6546 6.77178 178 153 124100.00
5661 JEFF 10.4366 23.6411 284 339 19800.00
960 LANCASTER 6.7109 19.3475 176 188 65700.00
5746 BENNITA 18.6564 11.6594 863 266 88000.00
2702 SEIGLE 11.5681 11.2284 39 204 53700.00
5214 PLEASANTVIEW 17.831 8.39567 769 217 83300.00
9272 UNIVERSITY 23.7324 21.4217 345 133 49300.00
290 BRIARWOOD 17.9677 14.8415 125 255 63000.00
8163 MULLIGAN 13.8682 12.392 790 239 112300.00
1823 KEIRNS 5.07545 11.8702 50 257 120900.00
2920 PINE 19.2535 16.6689 311 79 97000.00
4714 MORRIS 15.2329 12.0126 295 85 60000.00
355 MILLER 5.78608 6.94652 914 140 53400.00
2993 OLD_STATE_ROUTE_56 8.77024 8.55484 832 391 135200.00
6933 COVENTRY 27.1202 21.3397 310 150 91200.00
7553 EARICH 20.1613 12.3106 663 365 141900.00
2159 DEERE 8.963 5.6128 817 306 68600.00
9681 PINECREST 26.0318 10.3698 836 364 39400.00
3349 CHARLES 19.6408 11.0776 35 203 116800.00
8139 BOLLEANA 20.5628 24.749 314 324 147600.00
3522 CARDINAL 12.2599 7.74424 695 125 114400.00
8365 TERRACE 21.0369 22.8798 383 113 46400.00
7474 JOYCE 12.0016 10.0243 289 192 68700.00
2697 MALLOY 18.8285 5.02083 120 102 148000.00
904 FOREST 10.5268 6.04663 789 103 43700.00
